# Gaia DR2 passbands and zero points used for the magnitudes published in Gaia DR2.
# https://www.cosmos.esa.int/web/gaia/iow_20180316
# Zeropoints:
#
# G               eG            BP              eBP           RP              eRP          system
# 25.6883657251   0.0017850023  25.3513881707   0.0013918258  24.7619199882   0.0019145719 VEGAMAG 
# 25.7933969562   0.0017848281  25.3805596387   0.0013917453  25.1161276701   0.0019146451      AB
# 
# Published magnitudes are VEGAMAG, so:
# 
# G_AB - G_Vega   = 0.105 +/- 0.003
# BP_AB - BP_Vega = 0.029 +/- 0.002
# RP_AB - RP_Vega = 0.354 +/- 0.003
#
Angstrom Fraction
3247.5 0.0
3250.0 0.00028487728874486537
3252.5 0.0005132220579226749
3255.0 0.0007648771845600754
3257.5 0.0010398426701582883
3260.0 0.0013381185147173138
3262.5 0.0022428836740565035
3265.0 0.003299097290586715
3267.5 0.004506759397334826
3270.0 0.005865869949264185
3272.5 0.008253951116211295
3275.0 0.010897161408083259
3277.5 0.013795500794855638
3280.0 0.016948969291540654
3282.5 0.02120204372426967
3285.0 0.02565852664947473
3287.5 0.030318418217277997
3290.0 0.03518171842767948
3292.5 0.04134212212602635
3295.0 0.047477798450185196
3297.5 0.05358874740015602
3300.0 0.059674968975938804
3302.5 0.0681175487561736
3305.0 0.076555041496359
3307.5 0.08498744734661719
3310.0 0.09341476615682599
3312.5 0.10417877416401258
3315.0 0.11496362708567648
3317.5 0.1257693249218177
3320.0 0.13659586752231404
3322.5 0.14998210386036098
3325.0 0.16364842404254384
3327.5 0.1775948252165413
3330.0 0.19182131083516338
3332.5 0.20638001983128956
3335.0 0.22120245746098618
3337.5 0.23628862372425333
3340.0 0.2516385171198691
3342.5 0.2661136095652927
3345.0 0.2807745382521475
3347.5 0.29562130318043367
3350.0 0.31065390585137287
3352.5 0.3232045806239064
3355.0 0.33574905685180095
3357.5 0.34828733303383463
3360.0 0.36081940917000743
3362.5 0.3694372372247361
3365.0 0.37778336665958073
3367.5 0.38585780047698476
3370.0 0.3936605356745047
3372.5 0.3996194718099865
3375.0 0.40540424670564956
3377.5 0.4110148618627156
3380.0 0.4164513172811844
3382.5 0.4286908458296972
3385.0 0.44107373805366196
3387.5 0.45359999095063525
3390.0 0.46626960752306057
3392.5 0.4744050600000431
3395.0 0.4825140399325438
3397.5 0.49059654882178455
3400.0 0.4986525851665434
3402.5 0.4980039102473255
3405.0 0.4969965078804647
3407.5 0.4956303750635177
3410.0 0.4939055117964843
3412.5 0.48271625150091213
3415.0 0.471026937240171
3417.5 0.4588375675130388
3420.0 0.4461481453219592
3422.5 0.4321899190241735
3425.0 0.4178726860514979
3427.5 0.4031964449027107
3430.0 0.3881611970790338
3432.5 0.3909037580917448
3435.0 0.3936387079101424
3437.5 0.3963660465342266
3440.0 0.39908577546521906
3442.5 0.4183281582341177
3445.0 0.43781240133923693
3447.5 0.4575385047805769
3450.0 0.4775064670569158
3452.5 0.5009244185811291
3455.0 0.5245055949446538
3457.5 0.5482499976487114
3460.0 0.5721576266933022
3462.5 0.5928223915572008
3465.0 0.6135901147129332
3467.5 0.6344607991629427
3470.0 0.655434441904786
3472.5 0.6648041163440558
3475.0 0.6742047639906381
3477.5 0.6836363848445329
3480.0 0.6930989789057401
3482.5 0.6937510075543656
3485.0 0.6944031773178364
3487.5 0.6950554866949306
3490.0 0.6957079371868701
3492.5 0.6936266748671406
3495.0 0.6915474376955628
3497.5 0.6894702211684713
3500.0 0.6873950297895315
3502.5 0.6866735696345954
3505.0 0.6859489584151891
3507.5 0.6852211916276473
3510.0 0.6844902722744135
3512.5 0.6856992692075
3515.0 0.6868802458364721
3517.5 0.68803320216133
3520.0 0.6891581366808517
3522.5 0.6891776180356062
3525.0 0.6891646730003863
3527.5 0.6891193045776357
3530.0 0.6890415112661327
3532.5 0.6859782637651283
3535.0 0.6829167321605935
3537.5 0.679856916452528
3540.0 0.6767988151397103
3542.5 0.6709711128078754
3545.0 0.6651648974630636
3547.5 0.6593801676040534
3550.0 0.653616926233288
3552.5 0.6488069892021098
3555.0 0.6440039457812445
3557.5 0.6392077929682488
3560.0 0.6344185322643444
3562.5 0.6301346488579632
3565.0 0.6258336034844438
3567.5 0.6215153961437861
3570.0 0.6171800283372121
3572.5 0.6146686464679131
3575.0 0.6121286453070184
3577.5 0.609560023353306
3580.0 0.6069627821079977
3582.5 0.6033253593187414
3585.0 0.5996428848645253
3587.5 0.5959153587453497
3590.0 0.5921427794599927
3592.5 0.5877892738921376
3595.0 0.5834141207065311
3597.5 0.5790173184019516
3600.0 0.5745988699808424
3602.5 0.5696976301435601
3605.0 0.5647941444785277
3607.5 0.5598884114845236
3610.0 0.5549804296603258
3612.5 0.5483187145734653
3615.0 0.5416536352486448
3617.5 0.5349851886834212
3620.0 0.5283133793814593
3622.5 0.5233600366406197
3625.0 0.5184050515631768
3627.5 0.5134484226479088
3630.0 0.5084901513960376
3632.5 0.5024721992308026
3635.0 0.49645320521766734
3637.5 0.4904331678554104
3640.0 0.48441209014647507
3642.5 0.4793486763251122
3645.0 0.4742778434658208
3647.5 0.4691995915686012
3650.0 0.46411391913223143
3652.5 0.4583369355774927
3655.0 0.4525599520227541
3657.5 0.4467829684680154
3660.0 0.4410059849132768
3662.5 0.4342519086589728
3665.0 0.4274978324046688
3667.5 0.42074375765158656
3670.0 0.41398968139728265
3672.5 0.4082512342050736
3675.0 0.40251278551164277
3677.5 0.39677433681821195
3680.0 0.39103588812478124
3682.5 0.3856087102567772
3685.0 0.38018153238877317
3687.5 0.37475435452076905
3690.0 0.36932717665276504
3692.5 0.3631369427773523
3695.0 0.3569467089019395
3697.5 0.3507564750265268
3700.0 0.344566241151114
3702.5 0.3401428882385213
3705.0 0.3357195368271503
3707.5 0.33129618541577927
3710.0 0.3268728325031865
3712.5 0.3211883452258495
3715.0 0.31550385644729073
3717.5 0.30981936916995373
3720.0 0.30413488039139497
3722.5 0.298627760963552
3725.0 0.29312064153570905
3727.5 0.28761352210786606
3730.0 0.2821064026800231
3732.5 0.27715024364716545
3735.0 0.2721940846143078
3737.5 0.26723792558145004
3740.0 0.2622817650473706
3742.5 0.25817152796174525
3745.0 0.25406128937489814
3747.5 0.24995105228927275
3750.0 0.24584081370242564
3752.5 0.2428481716631468
3755.0 0.23985552812264616
3757.5 0.23686288458214555
3760.0 0.2338702425428667
3762.5 0.23037412225158854
3765.0 0.22687800346153217
3767.5 0.22338188467147577
3770.0 0.21988576438019758
3772.5 0.21597782593380255
3775.0 0.2120698859861857
3777.5 0.2081619460385689
3780.0 0.20425400759217383
3782.5 0.20221898440381467
3785.0 0.20018396271667727
3787.5 0.19814894102953984
3790.0 0.19611391934240244
3792.5 0.19510797466186874
3795.0 0.19410203148255686
3797.5 0.1930960868020232
3800.0 0.19209014362271126
3802.5 0.19199217689322326
3805.0 0.1918942101637352
3807.5 0.19179624343424712
3810.0 0.1916982767047591
3812.5 0.19304985367553998
3815.0 0.19440143214754255
3817.5 0.19575301061954517
3820.0 0.19710458759032598
3822.5 0.1985523298244852
3825.0 0.2000000720586444
3827.5 0.20144781279158186
3830.0 0.20289555502574105
3832.5 0.2054420850000617
3835.0 0.20798861347316053
3837.5 0.21053514344748117
3840.0 0.21308167192058006
3842.5 0.21631672824690829
3845.0 0.21955178457323654
3847.5 0.22278684089956483
3850.0 0.22602189722589308
3852.5 0.23099761267459312
3855.0 0.2359733281232932
3857.5 0.24094904357199323
3860.0 0.2459247590206933
3862.5 0.25098547664777876
3865.0 0.25604619577608595
3867.5 0.2611069149043931
3870.0 0.2661676340327003
3872.5 0.2713017884257469
3875.0 0.2764359428187935
3877.5 0.28157009871306193
3880.0 0.28670425310610853
3882.5 0.29279045831857414
3885.0 0.29887666353103975
3887.5 0.30496286724228366
3890.0 0.3110490724547493
3892.5 0.3177342801609019
3895.0 0.3244194878670545
3897.5 0.33110469557320704
3900.0 0.33778990327935965
3902.5 0.34488784938956685
3905.0 0.35198579549977405
3907.5 0.35908374160998124
3910.0 0.36618168772018844
3912.5 0.37377135751602925
3915.0 0.3813610288130918
3917.5 0.38895069860893267
3920.0 0.3965403699059952
3922.5 0.4031982884030297
3925.0 0.4098562069000641
3927.5 0.41651412539709853
3930.0 0.4231720438941329
3932.5 0.43098963518217076
3935.0 0.4388072249689869
3937.5 0.4466248162570247
3940.0 0.4544424060438408
3942.5 0.46079847388198036
3945.0 0.4671545432213416
3947.5 0.47351061105948117
3950.0 0.47986667889762075
3952.5 0.48624996538745585
3955.0 0.49263325187729096
3957.5 0.49901653836712606
3960.0 0.5053998248569611
3962.5 0.5107579149984371
3965.0 0.5161160051399132
3967.5 0.5214740952813891
3970.0 0.526832185422865
3972.5 0.5316252922569136
3975.0 0.5364183990909622
3977.5 0.5412115059250108
3980.0 0.5460046127590593
3982.5 0.552522156513162
3985.0 0.5590397017684866
3987.5 0.5655572455225892
3990.0 0.572074789276692
3992.5 0.5776731604690991
3995.0 0.5832715316615062
3997.5 0.5888699028539135
4000.0 0.5944682725450988
4002.5 0.5981812743437651
4005.0 0.6018942761424314
4007.5 0.6056072779410978
4010.0 0.6093202797397641
4012.5 0.613767329437808
4015.0 0.6182143776346302
4017.5 0.6226614273326739
4020.0 0.6271084755294961
4022.5 0.6329464161937212
4025.0 0.6387843568579462
4027.5 0.6446222975221713
4030.0 0.650460239687618
4032.5 0.6533832580642012
4035.0 0.656306277942006
4037.5 0.659229297819811
4040.0 0.6621523176976158
4042.5 0.6646023251177797
4045.0 0.6670523325379435
4047.5 0.6695023399581075
4050.0 0.671952348879493
4052.5 0.6753207437223729
4055.0 0.6786891385652528
4057.5 0.6820575334081328
4060.0 0.6854259267497909
4062.5 0.6871028304853193
4065.0 0.6887797342208476
4067.5 0.690456637956376
4070.0 0.6921335416919044
4072.5 0.6940269441232727
4075.0 0.695920346554641
4077.5 0.6978137504872309
4080.0 0.6997071529185992
4082.5 0.7023138999000795
4085.0 0.7049206468815598
4087.5 0.70752739386304
4090.0 0.7101341408445203
4092.5 0.7128137015849322
4095.0 0.7154932608241223
4097.5 0.7181728215645341
4100.0 0.7208523808037244
4102.5 0.7252206929217793
4105.0 0.7295890035386124
4107.5 0.7339573141554456
4110.0 0.7383256262735005
4112.5 0.7422570378233048
4115.0 0.746188449373109
4117.5 0.7501198609229132
4120.0 0.7540512724727174
4122.5 0.7559101723244199
4125.0 0.7577690706749007
4127.5 0.7596279690253815
4130.0 0.7614868673758624
4132.5 0.7624587148066051
4135.0 0.7634305622373477
4137.5 0.7644024096680904
4140.0 0.7653742570988331
4142.5 0.7675005800908525
4145.0 0.7696269015816505
4147.5 0.7717532245736701
4150.0 0.7738795475656898
4152.5 0.7757709278513498
4155.0 0.77766230813701
4157.5 0.779553689923892
4160.0 0.7814450702095521
4162.5 0.7831058027843025
4165.0 0.7847665368602746
4167.5 0.786427270936247
4170.0 0.7880880050122191
4172.5 0.7901790838210248
4175.0 0.7922701641310518
4177.5 0.7943612429398574
4180.0 0.7964523232498845
4182.5 0.7976607632296988
4185.0 0.798869203209513
4187.5 0.8000776431893273
4190.0 0.8012860831691417
4192.5 0.8027316201085382
4195.0 0.8041771555467131
4197.5 0.8056226924861096
4200.0 0.8070682279242846
4202.5 0.808942684937066
4205.0 0.8108171404486255
4207.5 0.812691597461407
4210.0 0.8145660544741884
4212.5 0.8155917372183972
4215.0 0.8166174214638278
4217.5 0.8176431057092581
4220.0 0.8186687884534669
4222.5 0.8213746430929715
4225.0 0.8240804962312541
4227.5 0.8267863493695368
4230.0 0.8294922040090412
4232.5 0.8303761714192883
4235.0 0.8312601388295355
4237.5 0.8321441062397824
4240.0 0.8330280751512513
4242.5 0.8327246346985148
4245.0 0.832421194245778
4247.5 0.8321177537930413
4250.0 0.8318143133403048
4252.5 0.8332848756464083
4255.0 0.834755437952512
4257.5 0.8362260017598372
4260.0 0.837696564065941
4262.5 0.8400953738192676
4265.0 0.8424941835725943
4267.5 0.8448929933259209
4270.0 0.8472918030792475
4272.5 0.8487130082163895
4275.0 0.850134214854753
4277.5 0.8515554214931166
4280.0 0.8529766266302583
4282.5 0.8536143111049854
4285.0 0.8542519970809345
4287.5 0.8548896815556616
4290.0 0.8555273660303887
4292.5 0.8568299446242078
4295.0 0.8581325232180271
4297.5 0.8594351003106246
4300.0 0.8607376789044437
4302.5 0.8614580671870447
4305.0 0.8621784554696456
4307.5 0.8628988437522465
4310.0 0.8636192320348473
4312.5 0.8643254262657257
4315.0 0.8650316219978259
4317.5 0.8657378162287042
4320.0 0.8664440119608042
4322.5 0.8682641082325042
4325.0 0.8700842045042043
4327.5 0.8719043007759042
4330.0 0.873724398548826
4332.5 0.87549463023861
4335.0 0.8772648634296158
4337.5 0.8790350951193998
4340.0 0.8808053283104055
4342.5 0.8829123440893947
4345.0 0.8850193598683836
4347.5 0.8871263756473728
4350.0 0.8892333914263618
4352.5 0.8905921322273723
4355.0 0.8919508715271608
4357.5 0.8933096108269496
4360.0 0.8946683516279598
4362.5 0.8938543231369775
4365.0 0.8930402946459955
4367.5 0.892226267656235
4370.0 0.8914122391652528
4372.5 0.8918699646817315
4375.0 0.8923276901982101
4377.5 0.8927854157146887
4380.0 0.8932431412311674
4382.5 0.8939890427775468
4385.0 0.8947349428227043
4387.5 0.8954808443690835
4390.0 0.8962267444142409
4392.5 0.8976389091939556
4395.0 0.8990510724724486
4397.5 0.9004632372521634
4400.0 0.9018754020318782
4402.5 0.90315251089735
4405.0 0.9044296197628219
4407.5 0.9057067286282938
4410.0 0.9069838374937655
4412.5 0.9085304216696977
4415.0 0.9100770043444083
4417.5 0.9116235870191186
4420.0 0.9131701711950507
4422.5 0.9150986151446959
4425.0 0.9170270575931193
4427.5 0.9189555015427644
4430.0 0.9208839454924095
4432.5 0.9219808807249215
4435.0 0.9230778144562117
4437.5 0.9241747496887236
4440.0 0.9252716834200138
4442.5 0.9268734570114379
4445.0 0.9284752291016402
4447.5 0.9300770011918424
4450.0 0.9316787732820448
4452.5 0.9321615977250967
4455.0 0.9326444221681485
4457.5 0.9331272451099785
4460.0 0.9336100695530303
4462.5 0.9333335625198552
4465.0 0.9330570569879018
4467.5 0.9327805514559484
4470.0 0.932504045923995
4472.5 0.9340677710499609
4475.0 0.9356314976771484
4477.5 0.9371952228031142
4480.0 0.93875894792908
4482.5 0.9407929202622085
4485.0 0.942826892595337
4487.5 0.9448608634272438
4490.0 0.9468948357603724
4492.5 0.94670326034816
4495.0 0.9465116849359475
4497.5 0.9463201095237351
4500.0 0.9461285356127445
4502.5 0.9457133712343287
4505.0 0.945298208357135
4507.5 0.9448830454799411
4510.0 0.9444678811015254
4512.5 0.946574087721987
4515.0 0.9486802928412268
4517.5 0.9507864979604664
4520.0 0.9528927045809279
4522.5 0.9538358876834221
4525.0 0.9547790722871379
4527.5 0.9557222568908537
4530.0 0.9566654414945696
4532.5 0.9565776215229442
4535.0 0.9564898030525407
4537.5 0.9564019845821374
4540.0 0.9563141661117339
4542.5 0.9573297936726071
4545.0 0.9583454197322584
4547.5 0.9593610472931317
4550.0 0.9603766733527832
4552.5 0.9613542314310936
4555.0 0.9623317895094039
4557.5 0.9633093475877142
4560.0 0.9642869041648029
4562.5 0.9639832835654553
4565.0 0.9636796614648857
4567.5 0.9633760393643165
4570.0 0.9630724172637469
4572.5 0.9634801776164519
4575.0 0.9638879379691566
4577.5 0.9642956983218616
4580.0 0.9647034586745663
4582.5 0.9661498903421308
4585.0 0.967596323510917
4587.5 0.9690427566797032
4590.0 0.9704891898484893
4592.5 0.9710723814746203
4595.0 0.971655574601973
4597.5 0.972238766228104
4600.0 0.972821957854235
4602.5 0.9735680950924304
4605.0 0.9743142308294038
4607.5 0.9750603665663774
4610.0 0.9758065023033509
4612.5 0.9761348164993969
4615.0 0.9764631291942214
4617.5 0.9767914418890457
4620.0 0.9771197560850917
4622.5 0.9768004131902719
4625.0 0.976481070295452
4627.5 0.9761617274006321
4630.0 0.975842386007034
4632.5 0.9763842009590691
4635.0 0.9769260159111042
4637.5 0.9774678293619175
4640.0 0.9780096443139525
4642.5 0.979754835624812
4645.0 0.9815000269356714
4647.5 0.9832452167453091
4650.0 0.9849904080561686
4652.5 0.9860367881447557
4655.0 0.9870831697345648
4657.5 0.9881295513243737
4660.0 0.989175931412961
4662.5 0.9883273252812251
4665.0 0.9874787176482677
4667.5 0.986630111516532
4670.0 0.9857815038835743
4672.5 0.9851158291291682
4675.0 0.9844501543747618
4677.5 0.9837844796203555
4680.0 0.9831188048659492
4682.5 0.9845121323150438
4685.0 0.9859054582629164
4687.5 0.9872987842107891
4690.0 0.9886921101586618
4692.5 0.988586379110241
4695.0 0.9884806465605985
4697.5 0.988374914010956
4700.0 0.9882691814613135
4702.5 0.9874001797307727
4705.0 0.9865311780002317
4707.5 0.9856621777709126
4710.0 0.9847931760403718
4712.5 0.9863359846435824
4715.0 0.9878787947480148
4717.5 0.9894216033512255
4720.0 0.990964411954436
4722.5 0.9915299281955875
4725.0 0.992095444436739
4727.5 0.9926609591766687
4730.0 0.9932264754178203
4732.5 0.9924524920172345
4735.0 0.9916785071154273
4737.5 0.9909045222136197
4740.0 0.9901305388130339
4742.5 0.9899325021423748
4745.0 0.9897344669729374
4747.5 0.9895364303022782
4750.0 0.9893383936316192
4752.5 0.9902285190535178
4755.0 0.9911186429741948
4757.5 0.9920087668948717
4760.0 0.9928988908155485
4762.5 0.9942234337849102
4765.0 0.9955479752530499
4767.5 0.9968725167211896
4770.0 0.9981970596905513
4772.5 0.9984388464669058
4775.0 0.9986806332432603
4777.5 0.998922420019615
4780.0 0.9991642082971912
4782.5 0.9982212038400863
4785.0 0.9972781993829813
4787.5 0.9963351964270982
4790.0 0.9953921919699933
4792.5 0.9945023337655676
4795.0 0.9936124740599203
4797.5 0.9927226143542727
4800.0 0.9918327561498469
4802.5 0.9938745663617744
4805.0 0.9959163780749235
4807.5 0.9979581882868509
4810.0 1.0
4812.5 0.9990201615658392
4815.0 0.9980403231316782
4817.5 0.9970604861987393
4820.0 0.9960806477645784
4822.5 0.9941217680450102
4825.0 0.9921628868242204
4827.5 0.9902040056034304
4830.0 0.9882451258838622
4832.5 0.9876942165304168
4835.0 0.9871433056757495
4837.5 0.986592396322304
4840.0 0.9860414869688586
4842.5 0.9866933970209651
4845.0 0.9873453070730718
4847.5 0.9879972171251783
4850.0 0.9886491271772849
4852.5 0.989273327678181
4855.0 0.9898975281790772
4857.5 0.9905217286799733
4860.0 0.9911459306820912
4862.5 0.9917304373784823
4865.0 0.9923149440748733
4867.5 0.9928994522724862
4870.0 0.9934839589688772
4872.5 0.9930906178511585
4875.0 0.9926972752322182
4877.5 0.9923039341144997
4880.0 0.9919105929967811
4882.5 0.9915047106724955
4885.0 0.9910988298494319
4887.5 0.9906929475251464
4890.0 0.9902870667020826
4892.5 0.9901286908090499
4895.0 0.9899703149160171
4897.5 0.9898119375217626
4900.0 0.9896535616287299
4902.5 0.9890979474462946
4905.0 0.9885423332638593
4907.5 0.987986719081424
4910.0 0.9874311048989889
4912.5 0.9859902412629251
4915.0 0.9845493761256396
4917.5 0.9831085124895759
4920.0 0.9816676488535121
4922.5 0.9813311529988845
4925.0 0.9809946571442569
4927.5 0.9806581612896295
4930.0 0.9803216654350018
4932.5 0.9811205886326544
4935.0 0.9819195118303068
4937.5 0.9827184350279593
4940.0 0.9835173582256117
4942.5 0.9852639501763715
4945.0 0.9870105406259093
4947.5 0.9887571325766691
4950.0 0.9905037245274289
4952.5 0.9904414838733392
4955.0 0.9903792417180279
4957.5 0.9903170010639385
4960.0 0.9902547604098488
4962.5 0.9898498193516057
4965.0 0.9894448797945842
4967.5 0.989039938736341
4970.0 0.9886349991793196
4972.5 0.9881521086825105
4975.0 0.9876692181857014
4977.5 0.9871863276888923
4980.0 0.986703437192083
4982.5 0.9846496637439656
4985.0 0.98259589179707
4987.5 0.9805421198501743
4990.0 0.9784883479032785
4992.5 0.977362140347706
4995.0 0.9762359342933552
4997.5 0.9751097267377826
5000.0 0.9739835206834319
5002.5 0.9741195328759347
5005.0 0.9742555450684375
5007.5 0.9743915557597184
5010.0 0.9745275679522213
5012.5 0.9764556110756569
5015.0 0.9783836526978708
5017.5 0.9803116943200847
5020.0 0.9822397374435204
5022.5 0.9812496426623085
5025.0 0.9802595493823183
5027.5 0.9792694561023281
5030.0 0.9782793613211159
5032.5 0.9772199160995683
5035.0 0.9761604708780206
5037.5 0.9751010256564728
5040.0 0.9740415789337035
5042.5 0.9741885785682535
5045.0 0.9743355767015818
5047.5 0.9744825748349101
5050.0 0.9746295729682385
5052.5 0.9743022180528957
5055.0 0.9739748646387748
5057.5 0.9736475097234322
5060.0 0.9733201548080894
5062.5 0.9741468130777223
5065.0 0.9749734698461334
5067.5 0.9758001266145443
5070.0 0.9766267848841771
5072.5 0.9755528048335678
5075.0 0.9744788262841803
5077.5 0.9734048477347926
5080.0 0.9723308691854051
5082.5 0.9701534761303977
5085.0 0.9679760830753903
5087.5 0.9657986900203829
5090.0 0.9636212969653756
5092.5 0.9642875121596148
5095.0 0.9649537288550759
5097.5 0.965619944049315
5100.0 0.9662861592435541
5102.5 0.9670372925477604
5105.0 0.9677884258519666
5107.5 0.9685395591561726
5110.0 0.9692906924603787
5112.5 0.9681551247871447
5115.0 0.9670195556126888
5117.5 0.9658839879394546
5120.0 0.9647484202662205
5122.5 0.9622172207684934
5125.0 0.9596860227719878
5127.5 0.9571548247754823
5130.0 0.9546236252777551
5132.5 0.9560619848759264
5135.0 0.9575003429728759
5137.5 0.9589387010698255
5140.0 0.9603770591667751
5142.5 0.9599721075999795
5145.0 0.959567156033184
5147.5 0.9591622029651667
5150.0 0.9587572513983713
5152.5 0.957198486309094
5155.0 0.9556397212198169
5157.5 0.9540809561305397
5160.0 0.9525221910412626
5162.5 0.9517050730359022
5165.0 0.950887955030542
5167.5 0.95007083552396
5170.0 0.9492537175185998
5172.5 0.9480636449869954
5175.0 0.946873572455391
5177.5 0.9456834984225649
5180.0 0.9444934258909607
5182.5 0.9447701250805209
5185.0 0.9450468257713028
5187.5 0.945323524960863
5190.0 0.945600225651645
5192.5 0.9470462639991087
5195.0 0.9484923038477943
5197.5 0.9499383421952581
5200.0 0.9513843820439436
5202.5 0.9514350317648391
5205.0 0.9514856814857346
5207.5 0.9515363312066301
5210.0 0.9515869809275256
5212.5 0.9503025941389706
5215.0 0.9490182073504156
5217.5 0.9477338190606388
5220.0 0.946449432272084
5222.5 0.9447691988266963
5225.0 0.9430889668825301
5227.5 0.9414087349383641
5230.0 0.9397285014929764
5232.5 0.9390625850418669
5235.0 0.9383966670895358
5237.5 0.9377307506384264
5240.0 0.9370648326860953
5242.5 0.9371684710313855
5245.0 0.9372721078754537
5247.5 0.9373757462207437
5250.0 0.9374793830648119
5252.5 0.9367420835191064
5255.0 0.9360047824721791
5257.5 0.9352674829264737
5260.0 0.9345301818795464
5262.5 0.9338395418073034
5265.0 0.9331489017350605
5267.5 0.9324582616628173
5270.0 0.9317676215905744
5272.5 0.9308293925198818
5275.0 0.9298911619479677
5277.5 0.9289529328772752
5280.0 0.9280147038065828
5282.5 0.9266842535296032
5285.0 0.9253538047538453
5287.5 0.924023354476866
5290.0 0.9226929041998864
5292.5 0.9214935511153736
5295.0 0.9202941980308609
5297.5 0.9190948449463483
5300.0 0.9178954903606139
5302.5 0.9186126960530877
5305.0 0.9193299017455615
5307.5 0.9200471074380352
5310.0 0.920764313130509
5312.5 0.9210764336474507
5315.0 0.9213885556656144
5317.5 0.9217006761825561
5320.0 0.9220127982007197
5322.5 0.9223491604466109
5325.0 0.9226855241937236
5327.5 0.9230218864396147
5330.0 0.9233582501867277
5332.5 0.9239123766584006
5335.0 0.9244665046312954
5337.5 0.9250206326041902
5340.0 0.925574760577085
5342.5 0.9239074466461471
5345.0 0.922240134216431
5347.5 0.9205728217867151
5350.0 0.9189055093569989
5352.5 0.9181507475998035
5355.0 0.9173959873438299
5357.5 0.9166412270878563
5360.0 0.9158864668318826
5362.5 0.9149687939907234
5365.0 0.9140511226507859
5367.5 0.9131334498096267
5370.0 0.9122157784696892
5372.5 0.9116651633557084
5375.0 0.9111145497429493
5377.5 0.9105639361301902
5380.0 0.9100133210162091
5382.5 0.9104801244206588
5385.0 0.9109469263238867
5387.5 0.9114137282271146
5390.0 0.9118805316315645
5392.5 0.9123896890054745
5395.0 0.9128988463793847
5397.5 0.9134080037532947
5400.0 0.9139171611272048
5402.5 0.9137226883569993
5405.0 0.9135282170880155
5407.5 0.91333374431781
5410.0 0.9131392730488262
5412.5 0.9125553668411385
5415.0 0.9119714606334506
5417.5 0.9113875544257628
5420.0 0.9108036482180749
5422.5 0.9090662857786839
5425.0 0.907328921838071
5427.5 0.9055915578974582
5430.0 0.9038541939568454
5432.5 0.9024794351196764
5435.0 0.9011046762825075
5437.5 0.8997299174453386
5440.0 0.8983551586081696
5442.5 0.8983448947550097
5445.0 0.8983346309018498
5447.5 0.8983243670486899
5450.0 0.8983141031955298
5452.5 0.8995722711460803
5455.0 0.9008304375954088
5457.5 0.902088605545959
5460.0 0.9033467719952877
5462.5 0.9045256364052462
5465.0 0.905704499313983
5467.5 0.9068833637239416
5470.0 0.9080622266326783
5472.5 0.9068616830793116
5475.0 0.9056611380247229
5477.5 0.9044605929701344
5480.0 0.9032600479155457
5482.5 0.9024810249135182
5485.0 0.9017020004102689
5487.5 0.9009229774082415
5490.0 0.9001439544062139
5492.5 0.8997622117277981
5495.0 0.8993804675481606
5497.5 0.8989987248697449
5500.0 0.8986169821913291
5502.5 0.89741957919388
5505.0 0.8962221761964312
5507.5 0.8950247747002039
5510.0 0.8938273717027551
5512.5 0.8925956507759166
5515.0 0.8913639298490783
5517.5 0.8901322074210182
5520.0 0.8889004864941796
5522.5 0.8913741291497025
5525.0 0.8938477718052255
5527.5 0.8963214129595266
5530.0 0.8987950556150495
5532.5 0.8993466825524953
5535.0 0.8998983079887194
5537.5 0.9004499349261652
5540.0 0.9010015603623893
5542.5 0.9002372163067122
5545.0 0.899472872251035
5547.5 0.8987085266941361
5550.0 0.897944182638459
5552.5 0.8978353740854341
5555.0 0.8977265640311876
5557.5 0.8976177539769411
5560.0 0.8975089454239162
5562.5 0.8973201097414123
5565.0 0.8971312740589082
5567.5 0.8969424398776261
5570.0 0.8967536041951223
5572.5 0.8960231727389598
5575.0 0.8952927412827975
5577.5 0.8945623083254134
5580.0 0.8938318768692509
5582.5 0.8930527953195749
5585.0 0.8922737137698988
5587.5 0.8914946322202226
5590.0 0.8907155506705466
5592.5 0.8917337903572788
5595.0 0.8927520300440112
5597.5 0.8937702697307434
5600.0 0.8947885094174757
5602.5 0.8939445300511981
5605.0 0.8931005506849208
5607.5 0.8922565713186434
5610.0 0.8914125904511443
5612.5 0.892621524332917
5615.0 0.8938304597159114
5617.5 0.8950393935976841
5620.0 0.8962483274794568
5622.5 0.895882439204028
5625.0 0.8955165509285992
5627.5 0.8951506626531703
5630.0 0.8947847743777416
5632.5 0.8954090334262863
5635.0 0.8960332924748311
5637.5 0.8966575515233758
5640.0 0.8972818105719205
5642.5 0.8973380418353123
5645.0 0.8973942715974826
5647.5 0.8974505013596529
5650.0 0.8975067326230447
5652.5 0.8971891686760082
5655.0 0.8968716062301934
5657.5 0.8965540437843788
5660.0 0.896236479837342
5662.5 0.8975762271806693
5665.0 0.8989159730227748
5667.5 0.9002557188648802
5670.0 0.9015954662082076
5672.5 0.9017854953620092
5675.0 0.9019755230145892
5677.5 0.9021655521683906
5680.0 0.9023555813221922
5682.5 0.9005794062954681
5685.0 0.8988032297675221
5687.5 0.8970270547407979
5690.0 0.8952508782128519
5692.5 0.8964741322489748
5695.0 0.8976973847838761
5697.5 0.8989206373187772
5700.0 0.9001438898536782
5702.5 0.8992352813894943
5705.0 0.8983266744265321
5707.5 0.8974180659623481
5710.0 0.896509457498164
5712.5 0.8964738755400543
5715.0 0.8964382920807228
5717.5 0.8964027101226131
5720.0 0.8963671281645033
5722.5 0.896420444055241
5725.0 0.8964737614472006
5727.5 0.8965270773379385
5730.0 0.896580394729898
5732.5 0.897771244894373
5735.0 0.898962095058848
5737.5 0.900152945223323
5740.0 0.9013437968890197
5742.5 0.9006099276350313
5745.0 0.899876058381043
5747.5 0.8991421891270548
5750.0 0.8984083198730664
5752.5 0.8983586879805229
5755.0 0.898309057589201
5757.5 0.8982594271978794
5760.0 0.898209795305336
5762.5 0.8984870994872645
5765.0 0.8987644021679714
5767.5 0.8990417048486784
5770.0 0.899319009030607
5772.5 0.9010606964898831
5775.0 0.9028023839491592
5777.5 0.9045440714084352
5780.0 0.9062857588677115
5782.5 0.9055320674816294
5785.0 0.9047783775967693
5787.5 0.9040246877119091
5790.0 0.903270997827049
5792.5 0.90337281819279
5795.0 0.903474638558531
5797.5 0.9035764574230504
5800.0 0.9036782777887913
5802.5 0.9048318751353398
5805.0 0.9059854739831102
5807.5 0.9071390713296585
5810.0 0.9082926686762071
5812.5 0.9071792034909171
5815.0 0.9060657383056271
5817.5 0.904952273120337
5820.0 0.9038388064338251
5822.5 0.9052042411826547
5825.0 0.9065696744302626
5827.5 0.907935109179092
5830.0 0.9093005424267
5832.5 0.9085394064819198
5835.0 0.9077782705371398
5837.5 0.9070171345923596
5840.0 0.9062559971463575
5842.5 0.9053485971656888
5845.0 0.9044411956837983
5847.5 0.9035337942019078
5850.0 0.902626394221239
5852.5 0.9011415267730027
5855.0 0.8996566593247667
5857.5 0.8981717918765304
5860.0 0.8966869244282941
5862.5 0.899085857281805
5865.0 0.9014847916365375
5867.5 0.9038837244900484
5870.0 0.9062826573435591
5872.5 0.9066760915370268
5875.0 0.9070695257304943
5877.5 0.9074629614251837
5880.0 0.9078563956186514
5882.5 0.9092573357632809
5885.0 0.9106582774091323
5887.5 0.9120592175537621
5890.0 0.9134601591996134
5892.5 0.9142411953400186
5895.0 0.9150222314804236
5897.5 0.9158032676208288
5900.0 0.9165843037612339
5902.5 0.914871357192516
5905.0 0.9131584091225765
5907.5 0.9114454610526368
5910.0 0.909732514483919
5912.5 0.9072278746015354
5915.0 0.9047232362203738
5917.5 0.9022185978392121
5920.0 0.8997139594580503
5922.5 0.9017160533471461
5925.0 0.9037181472362422
5927.5 0.905720241125338
5930.0 0.907722335014434
5932.5 0.9079320421830404
5935.0 0.9081417493516467
5937.5 0.9083514550190314
5940.0 0.9085611621876377
5942.5 0.9089247385815592
5945.0 0.9092883164767023
5947.5 0.9096518928706236
5950.0 0.9100154707657667
5952.5 0.9123377287179842
5955.0 0.9146599881714235
5957.5 0.9169822476248626
5960.0 0.919304507078302
5962.5 0.9171157377648119
5965.0 0.9149269684513219
5967.5 0.9127381976366101
5970.0 0.9105494283231201
5972.5 0.9104400868363712
5975.0 0.9103307453496223
5977.5 0.9102214038628733
5980.0 0.9101120638773461
5982.5 0.9089348628210956
5985.0 0.9077576632660667
5987.5 0.9065804637110378
5990.0 0.9054032641560089
5992.5 0.9056278634444553
5995.0 0.9058524642341235
5997.5 0.9060770635225699
6000.0 0.9063016643122381
6002.5 0.9096315948512328
6005.0 0.9129615253902276
6007.5 0.9162914559292222
6010.0 0.9196213864682167
6012.5 0.9174136327043743
6015.0 0.9152058789405317
6017.5 0.9129981251766891
6020.0 0.9107903714128466
6022.5 0.9105461196303652
6025.0 0.9103018663466622
6027.5 0.9100576145641809
6030.0 0.9098133627816998
6032.5 0.9107960985738536
6035.0 0.9117788358672293
6037.5 0.9127615716593833
6040.0 0.9137443074515371
6042.5 0.9122994670790362
6045.0 0.9108546267065355
6047.5 0.9094097863340346
6050.0 0.9079649459615337
6052.5 0.908005388875696
6055.0 0.9080458317898585
6057.5 0.9080862762052426
6060.0 0.908126719119405
6062.5 0.9070666193651707
6065.0 0.9060065196109366
6067.5 0.9049464198567022
6070.0 0.903886320102468
6072.5 0.9048116176489365
6075.0 0.9057369136941833
6077.5 0.9066622112406517
6080.0 0.9075875072858983
6082.5 0.908003378739762
6085.0 0.9084192501936258
6087.5 0.9088351216474895
6090.0 0.9092509931013532
6092.5 0.9085985651277401
6095.0 0.9079461386553487
6097.5 0.9072937121829573
6100.0 0.906641285710566
6102.5 0.9077440246663945
6105.0 0.9088467636222233
6107.5 0.909949502578052
6110.0 0.9110522430351023
6112.5 0.9094048082826848
6115.0 0.9077573735302674
6117.5 0.9061099387778498
6120.0 0.9044625040254324
6122.5 0.9048253463219141
6125.0 0.9051881901196175
6127.5 0.9055510324160992
6130.0 0.9059138747125808
6132.5 0.9056195076441499
6135.0 0.9053251390744973
6137.5 0.9050307720060664
6140.0 0.9047364049376355
6142.5 0.9052797481334204
6145.0 0.9058230928304268
6147.5 0.9063664360262118
6150.0 0.9069097807232183
6152.5 0.906858099662975
6155.0 0.9068064186027317
6157.5 0.9067547390437102
6160.0 0.906703057983467
6162.5 0.9058840124093693
6165.0 0.9050649668352717
6167.5 0.904245921261174
6170.0 0.9034268756870764
6172.5 0.9013847802430149
6175.0 0.8993426863001753
6177.5 0.8973005923573357
6180.0 0.8952584969132741
6182.5 0.8960874805754103
6185.0 0.8969164627363245
6187.5 0.8977454463984607
6190.0 0.8985744285593749
6192.5 0.899471327493846
6195.0 0.900368226428317
6197.5 0.9012651253627881
6200.0 0.9021620242972592
6202.5 0.9022170320649183
6205.0 0.9022720398325774
6207.5 0.9023270476002365
6210.0 0.9023820553678958
6212.5 0.9040951685722287
6215.0 0.9058082817765618
6217.5 0.9075213964821166
6220.0 0.9092345096864496
6222.5 0.9073312742525659
6225.0 0.9054280403199041
6227.5 0.9035248048860205
6230.0 0.9016215694521368
6232.5 0.8994700334406904
6235.0 0.8973184974292441
6237.5 0.8951669614177977
6240.0 0.8930154239051296
6242.5 0.8933371717572058
6245.0 0.8936589181080604
6247.5 0.8939806659601367
6250.0 0.8943024123109913
6252.5 0.8942586531979654
6255.0 0.8942148925837176
6257.5 0.8941711334706918
6260.0 0.8941273743576656
6262.5 0.8947760552817706
6265.0 0.8954247362058756
6267.5 0.8960734171299806
6270.0 0.8967220995553075
6272.5 0.8960622990816405
6275.0 0.8954025001091952
6277.5 0.8947427011367499
6280.0 0.8940829021643047
6282.5 0.8943965299078916
6285.0 0.8947101576514785
6287.5 0.8950237868962873
6290.0 0.8953374146398742
6292.5 0.8941097860435483
6295.0 0.8928821574472222
6297.5 0.8916545288508964
6300.0 0.8904269002545705
6302.5 0.89090319888664
6305.0 0.8913794990199312
6307.5 0.8918557976520006
6310.0 0.8923320977852919
6312.5 0.8937170093852107
6315.0 0.8951019209851294
6317.5 0.89648683408627
6320.0 0.8978717456861887
6322.5 0.8968305898493194
6325.0 0.8957894340124504
6327.5 0.8947482781755812
6330.0 0.893707122338712
6332.5 0.8933489683577808
6335.0 0.8929908143768495
6337.5 0.8926326603959183
6340.0 0.8922745049137653
6342.5 0.8911063051831761
6345.0 0.8899381054525869
6347.5 0.8887699042207758
6350.0 0.8876017029889649
6352.5 0.8888672464420125
6355.0 0.8901327883938384
6357.5 0.891398327343221
6360.0 0.892663861788938
6362.5 0.8924757992356395
6365.0 0.8922877291762321
6367.5 0.8920996531119378
6370.0 0.8919115650378693
6372.5 0.8930609619659389
6375.0 0.894210342380569
6377.5 0.8953596987756508
6380.0 0.8965090251462976
6382.5 0.8948458005434288
6385.0 0.8931825279014637
6387.5 0.8915191967118501
6390.0 0.8898557874587049
6392.5 0.8893566011997119
6395.0 0.8888572903393129
6397.5 0.8883578263542948
6400.0 0.8878581672104481
6402.5 0.8877598386865163
6405.0 0.8876612054145677
6407.5 0.8875621923335142
6410.0 0.8874627093700506
6412.5 0.8886922460192309
6415.0 0.8899210545758586
6417.5 0.8911489654018752
6420.0 0.8923757743311211
6422.5 0.8929741883458789
6425.0 0.8935709690313639
6427.5 0.8941657620992413
6430.0 0.8947581457061969
6432.5 0.8944001538572156
6435.0 0.8940386926847513
6437.5 0.8936730701255737
6440.0 0.8933024680138245
6442.5 0.8921900071458907
6445.0 0.891070552085786
6447.5 0.8899428117827983
6450.0 0.8888052910200571
6452.5 0.8889469808332489
6455.0 0.8890749119490279
6457.5 0.8891867169406817
6460.0 0.8892796831004938
6462.5 0.8915467726543239
6465.0 0.8937875562992876
6467.5 0.8959978065949138
6470.0 0.8981727211327984
6472.5 0.8975236784142498
6475.0 0.8968297266468086
6477.5 0.8960844826355594
6480.0 0.8952808456015866
6482.5 0.8932818457305339
6485.0 0.8912093160177712
6487.5 0.8890540119397121
6490.0 0.8868058287727031
6492.5 0.8870351043669258
6495.0 0.8871429341233644
6497.5 0.8871153041369071
6500.0 0.8869370835934545
6502.5 0.8860617617193121
6505.0 0.88500408043333
6507.5 0.8837458464290224
6510.0 0.8822677975300114
6512.5 0.8801211960344837
6515.0 0.8777156893308944
6517.5 0.8750295382269645
6520.0 0.8720402544207584
6522.5 0.8691532818798082
6525.0 0.8659127040598539
6527.5 0.8622940090120295
6530.0 0.8582724776188665
6532.5 0.8530484510840515
6535.0 0.8473821916413008
6537.5 0.8412508957321099
6540.0 0.8346325374308441
6542.5 0.8270657147289393
6545.0 0.8189790459542071
6547.5 0.8103553060881952
6550.0 0.8011791571482013
6552.5 0.7926200643947572
6555.0 0.783455745082217
6557.5 0.7736754519640151
6560.0 0.7632713186381388
6562.5 0.7514180844724123
6565.0 0.7389614147051472
6567.5 0.7259054752267222
6570.0 0.7122581144244886
6572.5 0.6995807140172476
6575.0 0.6862746619865978
6577.5 0.6723556536060199
6580.0 0.6578434704746198
6582.5 0.641078621528041
6585.0 0.6238599682562156
6587.5 0.6062227923729018
6590.0 0.5882057248175999
6592.5 0.5713774252321946
6595.0 0.5541580573788123
6597.5 0.5365924057049399
6600.0 0.5187278998108018
6602.5 0.49954009395891774
6605.0 0.4802370618309932
6607.5 0.46087233549369905
6610.0 0.44150000246575677
6612.5 0.42245782713417945
6615.0 0.403490418651041
6617.5 0.38465108239852697
6620.0 0.3659920098522782
6622.5 0.347034087589429
6625.0 0.32841144369036157
6627.5 0.31016890163432836
6630.0 0.2923483349998271
6632.5 0.2755636353979414
6635.0 0.2592054494109623
6637.5 0.2433083216527647
6640.0 0.22790320731600006
6642.5 0.2130597195548118
6645.0 0.1987530416723172
6647.5 0.18500299279816634
6650.0 0.17182549038666003
6652.5 0.15931781661016456
6655.0 0.1473899627157315
6657.5 0.13604747872020034
6660.0 0.12529236755364076
6662.5 0.1150634945120324
6665.0 0.1054261759526027
6667.5 0.0963719373284052
6670.0 0.08788960339455062
6672.5 0.07987132127578539
6675.0 0.0724131298326158
6677.5 0.06549544487659699
6680.0 0.059097167486530156
6682.5 0.053165070493883415
6685.0 0.047713063018489626
6687.5 0.0427163839086712
6690.0 0.03814988724961395
6692.5 0.033988687888723085
6695.0 0.030207054434698774
6697.5 0.026780034330089287
6700.0 0.02368311307395189
6702.5 0.020942033016505237
6705.0 0.018472073758687955
6707.5 0.01625271990419863
6710.0 0.014264189523662412
6712.5 0.012452541227283767
6715.0 0.010843643152652464
6717.5 0.009418825220264325
6720.0 0.008160576969362189
6722.5 0.007082358309192249
6725.0 0.006131007134173594
6727.5 0.005293981757348356
6730.0 0.004559636255769487
6732.5 0.0039060303485039024
6735.0 0.0033376870365620535
6737.5 0.0028448766465221974
6740.0 0.002418765133863456
6742.5 0.002050821640811212
6745.0 0.0017345588927456695
6747.5 0.0014634837467711816
6750.0 0.0012317943966312405
6752.5 0.0010336545650153285
6755.0 0.0008653733721286066
6757.5 0.0007228536475196315
6760.0 0.0006024914651602347
6762.5 0.0005017290809495627
6765.0 0.000417003417103484
6767.5 0.0003459631054786706
6770.0 0.00028656564379996426
6772.5 0.0002372290505835996
6775.0 0.00019617732044091096
6777.5 0.00016211596035846804
6780.0 0.0001339347519933992
6782.5 0.00011069580795308407
6785.0 9.157586678236183e-05
6787.5 7.588967809534531e-05
6790.0 6.305733358801061e-05
6792.5 5.2526642914386054e-05
6795.0 4.3970024925010034e-05
6797.5 3.7037071492856426e-05
6800.0 3.143557190442763e-05
6802.5 2.692514993133299e-05
6805.0 2.3301378502133623e-05
6807.5 2.0398266025818118e-05
6810.0 1.807915148183986e-05
6812.5 1.6225618648044574e-05
6815.0 1.4753318152328387e-05
6817.5 1.3587079497746145e-05
6820.0 1.2665826272718355e-05
6822.5 1.1946536734322203e-05
6825.0 1.13822091155221e-05
6827.5 1.094089602117011e-05
6830.0 1.0596948281882099e-05
6832.5 1.0329405088861032e-05
6835.0 1.0122337803704011e-05
6837.5 9.962713074315184e-06
6840.0 9.840197030551838e-06
6842.5 9.75038097442818e-06
6845.0 9.68301135116556e-06
6847.5 9.633052132229925e-06
6850.0 9.596557566401235e-06
6852.5 9.567714337555763e-06
6855.0 9.546868267137697e-06
6857.5 9.53215093454695e-06
6860.0 9.5221167533038e-06
6862.5 9.513370995634516e-06
6865.0 9.507339747148169e-06
6867.5 9.503364106602928e-06
6870.0 9.500940579233354e-06
6872.5 9.499281098677551e-06
6875.0 9.498499037202684e-06
6877.5 9.498373655161451e-06
6880.0 9.498738361975356e-06
6882.5 9.512295385257076e-06
6885.0 9.526120947086881e-06
6887.5 9.540145495860716e-06
6890.0 9.554317014244666e-06
6892.5 9.543186625861557e-06
6895.0 9.532136868099077e-06
6897.5 9.521146003266164e-06
6900.0 9.51019802833888e-06
6902.5 9.520416904894923e-06
6905.0 9.530658059581856e-06
6907.5 9.540915337390472e-06
6910.0 9.551184249667712e-06
6912.5 9.574348386626844e-06
6915.0 9.597518498448574e-06
6917.5 9.62069285872788e-06
6920.0 9.643870281499573e-06
6922.5 9.613135753434414e-06
6925.0 9.582402801652104e-06
6927.5 9.551670960773893e-06
6930.0 9.520939900530998e-06
6932.5 9.539126376458033e-06
6935.0 9.557313227690508e-06
6937.5 9.575500349142898e-06
6940.0 9.593687635729683e-06
6942.5 9.585357701475164e-06
6945.0 9.577027842281733e-06
6947.5 9.568698058149391e-06
6950.0 9.560368304041482e-06
6952.5 9.569596043968414e-06
6955.0 9.578823798907563e-06
6957.5 9.58805156885893e-06
6960.0 9.597279353822514e-06
6962.5 9.598639655894154e-06
6965.0 9.599999957965791e-06
6967.5 9.601360275049648e-06
6970.0 9.602720592133503e-06
6972.5 9.602707411406469e-06
6975.0 9.60269424569165e-06
6977.5 9.602681064964613e-06
6980.0 9.602667899249796e-06
6982.5 9.619298884252208e-06
6985.0 9.635929884266836e-06
6987.5 9.652560884281465e-06
6990.0 9.669191869283879e-06
6992.5 9.671125022566179e-06
6995.0 9.67305816083626e-06
6997.5 9.674991299106343e-06
7000.0 9.676924437376426e-06
7002.5 9.681632013602031e-06
7005.0 9.686339589827634e-06
7007.5 9.69104716605324e-06
7010.0 9.695754727266626e-06
7012.5 9.668317722866372e-06
7015.0 9.640880718466119e-06
7017.5 9.613443699053648e-06
7020.0 9.586006694653395e-06
7022.5 9.585440914197213e-06
7025.0 9.58487514875325e-06
7027.5 9.584309368297068e-06
7030.0 9.583743602853107e-06
7032.5 9.605672234305348e-06
7035.0 9.627600880769808e-06
7037.5 9.649529527234268e-06
7040.0 9.671458158686512e-06
7042.5 9.677127207399288e-06
7045.0 9.682796241099847e-06
7047.5 9.688465289812624e-06
7050.0 9.694134323513184e-06
7052.5 9.700935608688114e-06
7055.0 9.707736878850826e-06
7057.5 9.714538149013538e-06
7060.0 9.721339419176251e-06
7062.5 9.709923573475847e-06
7065.0 9.698507727775443e-06
7067.5 9.687091882075039e-06
7070.0 9.675676036374634e-06
7072.5 9.66517147731803e-06
7075.0 9.654666918261425e-06
7077.5 9.64416237421704e-06
7080.0 9.633657815160435e-06
7082.5 9.629869767286084e-06
7085.0 9.626081704399513e-06
7087.5 9.622293656525161e-06
7090.0 9.618505593638592e-06
7092.5 9.62601074164701e-06
7095.0 9.633515889655426e-06
7097.5 9.641021022651628e-06
7100.0 9.648526170660046e-06
7102.5 9.653173277673235e-06
7105.0 9.657820399698643e-06
7107.5 9.662467506711832e-06
7110.0 9.667114628737238e-06
7112.5 9.668755584216549e-06
7115.0 9.670396554708076e-06
7117.5 9.672037510187385e-06
7120.0 9.673678465666695e-06
7122.5 9.673230125788648e-06
7125.0 9.672781770898383e-06
7127.5 9.672333431020336e-06
7130.0 9.671885091142289e-06
7132.5 9.677271249626974e-06
7135.0 9.682657408111662e-06
7137.5 9.688043566596348e-06
7140.0 9.693429725081035e-06
7142.5 9.68137027558851e-06
7145.0 9.669310826095988e-06
7147.5 9.657251376603465e-06
7150.0 9.64519192711094e-06
7152.5 9.649864614942888e-06
7155.0 9.654537302774834e-06
7157.5 9.659210005619e-06
7160.0 9.663882693450944e-06
7162.5 9.668816128490051e-06
7165.0 9.673749563529157e-06
7167.5 9.67868301358048e-06
7170.0 9.683616448619586e-06
7172.5 9.672761819661218e-06
7175.0 9.66190719070285e-06
7177.5 9.651052561744482e-06
7180.0 9.640197932786114e-06
7182.5 9.638283439690267e-06
7185.0 9.636368961606638e-06
7187.5 9.634454468510789e-06
7190.0 9.632539975414942e-06
7192.5 9.657858590780168e-06
7195.0 9.683177191133175e-06
7197.5 9.7084958064984e-06
7200.0 9.733814406851409e-06
7202.5 9.711267437169235e-06
7205.0 9.68872046748706e-06
7207.5 9.666173512817106e-06
7210.0 9.643626543134932e-06
7212.5 9.64006442913517e-06
7215.0 9.636502330147624e-06
7217.5 9.632940216147861e-06
7220.0 9.629378117160316e-06
7222.5 9.621657558841832e-06
7225.0 9.613936985511131e-06
7227.5 9.606216427192647e-06
7230.0 9.598495868874164e-06
7232.5 9.622004851483344e-06
7235.0 9.645513834092522e-06
7237.5 9.669022801689485e-06
7240.0 9.692531784298664e-06
7242.5 9.678052095112217e-06
7245.0 9.663572420937989e-06
7247.5 9.649092731751541e-06
7250.0 9.634613042565094e-06
7252.5 9.66157223810419e-06
7255.0 9.688531418631067e-06
7257.5 9.715490599157945e-06
7260.0 9.74244979469704e-06
7262.5 9.730514015852948e-06
7265.0 9.718578237008853e-06
7267.5 9.706642458164759e-06
7270.0 9.694706694332884e-06
7272.5 9.674080567914593e-06
7275.0 9.653454441496304e-06
7277.5 9.632828330090232e-06
7280.0 9.612202203671943e-06
7282.5 9.610035655442916e-06
7285.0 9.607869092201671e-06
7287.5 9.605702543972643e-06
7290.0 9.603535995743616e-06
7292.5 9.593004324622062e-06
7295.0 9.582472653500507e-06
7297.5 9.57194099739117e-06
7300.0 9.561409326269615e-06
7302.5 9.577095772566284e-06
7305.0 9.592782233875173e-06
7307.5 9.60846869518406e-06
7310.0 9.624155141480732e-06
7312.5 9.617813140090464e-06
7315.0 9.611471153712416e-06
7317.5 9.60512915232215e-06
7320.0 9.598787150931882e-06
7322.5 9.60433427041347e-06
7325.0 9.609881389895057e-06
7327.5 9.615428509376644e-06
7330.0 9.620975613846012e-06
7332.5 9.621844701146193e-06
7335.0 9.622713773434157e-06
7337.5 9.623582845722121e-06
7340.0 9.624451918010083e-06
7342.5 9.622924755140036e-06
7345.0 9.621397577257769e-06
7347.5 9.619870414387722e-06
7350.0 9.618343251517674e-06
7352.5 9.60137750907543e-06
7355.0 9.584411781645405e-06
7357.5 9.56744603920316e-06
7360.0 9.550480311773134e-06
7362.5 9.543633914884374e-06
7365.0 9.536787517995614e-06
7367.5 9.529941106094636e-06
7370.0 9.523094709205878e-06
7372.5 9.535569741917687e-06
7375.0 9.548044774629497e-06
7377.5 9.560519807341307e-06
7380.0 9.572994840053116e-06
7382.5 9.582810653579336e-06
7385.0 9.592626467105556e-06
7387.5 9.602442280631775e-06
7390.0 9.612258094157995e-06
7392.5 9.610147901793766e-06
7395.0 9.608037709429536e-06
7397.5 9.605927517065307e-06
7400.0 9.603817324701077e-06
7402.5 9.594159905082553e-06
7405.0 9.584502485464027e-06
7407.5 9.57484508085772e-06
7410.0 9.565187661239193e-06
7412.5 9.560374233867428e-06
7415.0 9.55556080649566e-06
7417.5 9.550747379123895e-06
7420.0 9.545933951752128e-06
7422.5 9.552144761372958e-06
7425.0 9.55835555598157e-06
7427.5 9.56456635059018e-06
7430.0 9.57077716021101e-06
7432.5 9.562320567876763e-06
7435.0 9.553863990554734e-06
7437.5 9.545407413232703e-06
7440.0 9.536950820898457e-06
7442.5 9.546006490787479e-06
7445.0 9.5550621606765e-06
7447.5 9.564117815553303e-06
7450.0 9.573173485442327e-06
7452.5 9.561467873918179e-06
7455.0 9.549762262394033e-06
7457.5 9.53805663585767e-06
7460.0 9.526351024333522e-06
7462.5 9.526197539420976e-06
7465.0 9.526044054508432e-06
7467.5 9.52589055458367e-06
7470.0 9.525737069671123e-06
7472.5 9.544813695039606e-06
7475.0 9.56389030539587e-06
7477.5 9.582966915752134e-06
7480.0 9.602043541120615e-06
7482.5 9.600349517452157e-06
7485.0 9.5986554937837e-06
7487.5 9.596961470115242e-06
7490.0 9.595267446446786e-06
7492.5 9.589440619327234e-06
7495.0 9.583613777195468e-06
7497.5 9.5777869350637e-06
7500.0 9.57196010794415e-06
7502.5 0.0
