# Gaia DR2 passbands and zero points used for the magnitudes published in Gaia DR2.
# https://www.cosmos.esa.int/web/gaia/iow_20180316
# Zeropoints:
#
# G               eG            BP              eBP           RP              eRP          system
# 25.6883657251   0.0017850023  25.3513881707   0.0013918258  24.7619199882   0.0019145719 VEGAMAG 
# 25.7933969562   0.0017848281  25.3805596387   0.0013917453  25.1161276701   0.0019146451      AB
# 
# Published magnitudes are VEGAMAG, so:
# 
# G_AB - G_Vega   = 0.105 +/- 0.003
# BP_AB - BP_Vega = 0.029 +/- 0.002
# RP_AB - RP_Vega = 0.354 +/- 0.003
#
Angstrom Fraction
3197.5 0.0
3200.0 1.4537913742037999e-08
3202.5 6.28665081729825e-08
3205.0 1.1119510246466697e-07
3207.5 1.5952369675635145e-07
3210.0 2.0785229174433605e-07
3212.5 4.8233216636687e-07
3215.0 7.568120423820042e-07
3217.5 1.0312919183971383e-06
3220.0 1.3057717944122723e-06
3222.5 2.7029834606863884e-06
3225.0 4.100195132530905e-06
3227.5 5.497406804375421e-06
3230.0 6.894618476219938e-06
3232.5 1.3725737252635736e-05
3235.0 2.0556855973347525e-05
3237.5 2.7387974749763324e-05
3240.0 3.4219093526179116e-05
3242.5 6.29502922921571e-05
3245.0 9.168149105813508e-05
3247.5 0.00012041268982411306
3250.0 0.00014914388859009104
3252.5 0.00024920305738686737
3255.0 0.0003492622261836436
3257.5 0.00044932139498041993
3260.0 0.0005493805637771963
3262.5 0.0008224147300112401
3265.0 0.0010954488962452839
3267.5 0.0013684830624793275
3270.0 0.0016415172217503706
3272.5 0.0022252698890497325
3275.0 0.002809022556349095
3277.5 0.0033927752236484567
3280.0 0.003976527890947819
3282.5 0.005013795153163669
3285.0 0.006051062401453517
3287.5 0.007088329649743367
3290.0 0.008125596898033214
3292.5 0.009732343121256247
3295.0 0.011339089344479277
3297.5 0.012945835567702308
3300.0 0.014552581721295331
3302.5 0.01674346253241921
3305.0 0.01893434320428307
3307.5 0.021125224015406948
3310.0 0.023316104687270807
3312.5 0.026007093571132255
3315.0 0.028698082594253722
3317.5 0.03138907147811517
3320.0 0.03408006050123663
3322.5 0.03708727685792744
3325.0 0.040094493214618256
3327.5 0.04310170957130906
3330.0 0.04610892606725988
3332.5 0.04934623437218846
3335.0 0.05258354281637707
3337.5 0.05582085126056567
3340.0 0.059058159565494255
3342.5 0.06235693598936911
3345.0 0.06565571227398395
3347.5 0.06895448855859879
3350.0 0.07225326498247363
3352.5 0.07549395257101776
3355.0 0.0787346401595619
3357.5 0.08197532774810604
3360.0 0.08521601533665016
3362.5 0.08841739567081543
3365.0 0.09161877600498071
3367.5 0.09482015633914599
3370.0 0.09802153667331126
3372.5 0.10099359043230195
3375.0 0.10396564433055265
3377.5 0.10693769822880335
3380.0 0.10990975212705405
3382.5 0.11277844264379074
3385.0 0.11564713329978744
3387.5 0.11851582381652415
3390.0 0.12138451447252085
3392.5 0.12412293726841668
3395.0 0.1268613600643125
3397.5 0.12959978286020832
3400.0 0.13233820565610413
3402.5 0.13502686987247223
3405.0 0.13771553408884027
3407.5 0.14040419858372838
3410.0 0.1430928625215764
3412.5 0.14555286011599886
3415.0 0.14801285771042128
3417.5 0.15047285530484372
3420.0 0.15293285289926617
3422.5 0.1551106651324483
3425.0 0.15728847736563048
3427.5 0.15946628959881262
3430.0 0.1616441018319948
3432.5 0.16362932302961453
3435.0 0.16561454283463406
3437.5 0.16759976403225377
3440.0 0.1695849852298735
3442.5 0.1714199184078335
3445.0 0.1732548529783937
3447.5 0.1750897861563537
3450.0 0.1769247207269139
3452.5 0.17841384760405715
3455.0 0.17990297587380055
3457.5 0.1813921027509438
3460.0 0.1828812310206872
3462.5 0.18416494379973938
3465.0 0.18544865797139176
3467.5 0.18673237214304417
3470.0 0.18801608631469652
3472.5 0.18909585975925647
3475.0 0.19017563320381642
3477.5 0.19125540664837634
3480.0 0.1923351800929363
3482.5 0.19321713328822887
3485.0 0.19409908787612162
3487.5 0.1949810410714142
3490.0 0.19586299426670678
3492.5 0.1965591258559495
3495.0 0.19725525605259206
3497.5 0.19795138764183473
3500.0 0.19864751783847728
3502.5 0.19913905000073878
3505.0 0.19963058216300025
3507.5 0.20012211432526175
3510.0 0.2006136478801234
3512.5 0.200882720517996
3515.0 0.2011517931558686
3517.5 0.20142086718634142
3520.0 0.20168993982421402
3522.5 0.201777613754233
3525.0 0.20186528907685217
3527.5 0.20195296300687113
3530.0 0.20204063693689006
3532.5 0.20208549398153708
3535.0 0.2021303510261841
3537.5 0.2021752080708311
3540.0 0.2022200651154781
3542.5 0.20203745484546112
3545.0 0.20185484596804434
3547.5 0.20167223569802742
3550.0 0.20148962542801044
3552.5 0.2011645396253869
3555.0 0.2008394538227634
3557.5 0.2005143666275397
3560.0 0.20018928082491616
3562.5 0.19965359627370272
3565.0 0.19911791172248922
3567.5 0.19858222717127572
3570.0 0.19804654262006222
3572.5 0.1975122019280299
3575.0 0.19697786123599753
3577.5 0.19644351915136504
3580.0 0.1959091784593327
3582.5 0.1951343997744879
3585.0 0.19435962248224325
3587.5 0.19358484379739843
3590.0 0.19281006511255364
3592.5 0.19199636603766213
3595.0 0.19118266835537076
3597.5 0.19036896928047928
3600.0 0.18955527020558774
3602.5 0.188728773134971
3605.0 0.1879022774569544
3607.5 0.18707578038633765
3610.0 0.18624928331572088
3612.5 0.18519201429019466
3615.0 0.18413474665726864
3617.5 0.18307747763174242
3620.0 0.18202020860621623
3622.5 0.18111576491789178
3625.0 0.18021131983696717
3627.5 0.17930687614864274
3630.0 0.17840243246031828
3632.5 0.17736135658977503
3635.0 0.17632028071923175
3637.5 0.17527920484868847
3640.0 0.1742381289781452
3642.5 0.173265463199224
3645.0 0.17229279742030282
3647.5 0.17132013164138166
3650.0 0.17034746586246047
3652.5 0.16935168849082372
3655.0 0.16835590972658676
3657.5 0.16736013235495
3660.0 0.16636435498331323
3662.5 0.16528273912870492
3665.0 0.1642011232740966
3667.5 0.1631195074194883
3670.0 0.1620378929574802
3672.5 0.16109929017915092
3675.0 0.16016068740082162
3677.5 0.15922208462249232
3680.0 0.15828348184416305
3682.5 0.15740564378242522
3685.0 0.1565278043280872
3687.5 0.15564996626634933
3690.0 0.1547721282046115
3692.5 0.15382493029792355
3695.0 0.1528777337838358
3697.5 0.1519305358771478
3700.0 0.15098333797045985
3702.5 0.1502693100762046
3705.0 0.14955528357454956
3707.5 0.1488412556802943
3710.0 0.14812722778603907
3712.5 0.14730658381401135
3715.0 0.1464859398419836
3717.5 0.14566529447735568
3720.0 0.14484465050532794
3722.5 0.1441004658540074
3725.0 0.14335627981008667
3727.5 0.1426120951587661
3730.0 0.14186791050744552
3732.5 0.14126190800235278
3735.0 0.14065590549725998
3737.5 0.1400499029921672
3740.0 0.13944390048707445
3742.5 0.13903369046611566
3745.0 0.13862348044515688
3747.5 0.1382132702849381
3750.0 0.13780306026397934
3752.5 0.13764349474186893
3755.0 0.13748392921975855
3757.5 0.13732436369764817
3760.0 0.13716479817553778
3762.5 0.13709771411781443
3765.0 0.1370306299208311
3767.5 0.13696354572384775
3770.0 0.1368964616661244
3772.5 0.13697452010962716
3775.0 0.13705257855312988
3777.5 0.13713063699663264
3780.0 0.13720869530087537
3782.5 0.13775872112734217
3785.0 0.1383087468145489
3787.5 0.13885877250175568
3790.0 0.13940879860674252
3792.5 0.14034010555268825
3795.0 0.1412714138912342
3797.5 0.14220272083717997
3800.0 0.14313402917572593
3802.5 0.14448247836710498
3805.0 0.14583092755848404
3807.5 0.14717937814246324
3810.0 0.1485278273338423
3812.5 0.1504213277052975
3815.0 0.1523148280767527
3817.5 0.15420832844820792
3820.0 0.15610182881966314
3822.5 0.15835526202823944
3825.0 0.16060869384421558
3827.5 0.1628621270527919
3830.0 0.16511555886876803
3832.5 0.16789076037488185
3835.0 0.17066596327359584
3837.5 0.17344116477970967
3840.0 0.17621636628582346
3842.5 0.1794429819279906
3845.0 0.18266959757015777
3847.5 0.1858962132123249
3850.0 0.18912282885449205
3852.5 0.1929649974538394
3855.0 0.19680716466058665
3857.5 0.200649333259934
3860.0 0.20449150046668121
3862.5 0.2086604803002847
3865.0 0.212829458741288
3867.5 0.2169984371822913
3870.0 0.22116741701589482
3872.5 0.22564786859268657
3875.0 0.2301283215620785
3877.5 0.23460877453147047
3880.0 0.23908922610826222
3882.5 0.24392630866712997
3885.0 0.2487633912259977
3887.5 0.25360047378486544
3890.0 0.2584375563437332
3892.5 0.2634369534174819
3895.0 0.2684363518838308
3897.5 0.27343574895757955
3900.0 0.2784351474239285
3902.5 0.28351677614616255
3905.0 0.28859840347579635
3907.5 0.2936800321980304
3910.0 0.29876166092026446
3912.5 0.30390805669202947
3915.0 0.3090544524637945
3917.5 0.31420084684295935
3920.0 0.31934724261472436
3922.5 0.32417818798456477
3925.0 0.3290091333544052
3927.5 0.33384008011684585
3930.0 0.33867102548668626
3932.5 0.34350314481848493
3935.0 0.3483352655428838
3937.5 0.35316738626728267
3940.0 0.3579995069916815
3942.5 0.36229524547217284
3945.0 0.36659098395266415
3947.5 0.3708867224331555
3950.0 0.375182462306247
3952.5 0.37925462021919826
3955.0 0.38332677952474986
3957.5 0.38739893743770115
3960.0 0.39147109674325264
3962.5 0.39508226917906036
3965.0 0.3986934416148681
3967.5 0.40230461405067575
3970.0 0.40591578509388326
3972.5 0.40915477677391887
3975.0 0.41239376845395437
3977.5 0.41563275874138966
3980.0 0.41887175042142516
3982.5 0.42221678860575634
3985.0 0.4255618281826878
3987.5 0.42890686636701897
3990.0 0.4322519059439504
3992.5 0.43521608747333984
3995.0 0.4381802690027293
3997.5 0.44114445192471896
4000.0 0.4441086334541084
4002.5 0.4465512695019904
4005.0 0.4489939055498724
4007.5 0.45143654159775437
4010.0 0.4538791776456364
4012.5 0.4564031540778835
4015.0 0.4589271319027309
4017.5 0.4614511083349781
4020.0 0.46397508615982547
4022.5 0.4667209260835811
4025.0 0.46946676739993703
4027.5 0.4722126087162929
4030.0 0.4749584500326488
4032.5 0.47705466564303123
4035.0 0.47915088125341365
4037.5 0.48124709686379613
4040.0 0.48334331386677876
4042.5 0.4853026633381108
4045.0 0.48726201420204307
4047.5 0.48922136367337515
4050.0 0.4911807145373074
4052.5 0.49329623854929266
4055.0 0.4954117639538782
4057.5 0.49752728796586354
4060.0 0.49964281197784893
4062.5 0.5013590663752102
4065.0 0.5030753221651719
4067.5 0.5047915765625333
4070.0 0.5065078309598946
4072.5 0.5082378470323111
4075.0 0.5099678631047277
4077.5 0.5116978791771443
4080.0 0.5134278952495608
4082.5 0.5152586756937609
4085.0 0.5170894561379612
4087.5 0.5189202379747616
4090.0 0.5207510184189618
4092.5 0.5225489683137362
4095.0 0.5243469168159104
4097.5 0.5261448667106848
4100.0 0.5279428166054593
4102.5 0.5300962444093543
4105.0 0.5322496722132493
4107.5 0.5344031014097445
4110.0 0.5365565292136395
4112.5 0.5386345672137715
4115.0 0.5407126066065037
4117.5 0.5427906446066356
4120.0 0.5448686826067677
4122.5 0.5465097296309906
4125.0 0.5481507752626134
4127.5 0.5497918222868363
4130.0 0.5514328679184591
4132.5 0.5528929326222847
4135.0 0.55435299593351
4137.5 0.5558130606373354
4140.0 0.5572731253411609
4142.5 0.5589978578884652
4145.0 0.5607225918283697
4147.5 0.562447324375674
4150.0 0.5641720583155785
4152.5 0.5658494118192957
4155.0 0.567526765323013
4157.5 0.5692041188267304
4160.0 0.5708814709378475
4162.5 0.5725134841646526
4165.0 0.5741454973914579
4167.5 0.5757775106182631
4170.0 0.5774095238450683
4172.5 0.5791378395526555
4175.0 0.5808661552602429
4177.5 0.5825944709678302
4180.0 0.5843227866754176
4182.5 0.5858476755253818
4185.0 0.5873725643753458
4187.5 0.5888974532253101
4190.0 0.5904223420752742
4192.5 0.5919920447992796
4195.0 0.5935617475232849
4197.5 0.5951314502472902
4200.0 0.5967011529712956
4202.5 0.598374434512064
4205.0 0.6000477160528325
4207.5 0.6017209989862009
4210.0 0.6033942805269693
4212.5 0.6048937975941133
4215.0 0.606393313268657
4217.5 0.6078928303358009
4220.0 0.6093923474029448
4222.5 0.6112921061196436
4225.0 0.6131918634437423
4227.5 0.615091620767841
4230.0 0.6169913794845399
4232.5 0.6184924033450869
4235.0 0.619993427205634
4237.5 0.6214944496735808
4240.0 0.6229954735341278
4242.5 0.6242272116889734
4245.0 0.6254589498438192
4247.5 0.6266906879986649
4250.0 0.6279224261535106
4252.5 0.629574120998769
4255.0 0.6312258158440274
4257.5 0.6328775106892857
4260.0 0.6345292055345441
4262.5 0.6364120302329601
4265.0 0.638294853538776
4267.5 0.6401776768445919
4270.0 0.6420605001504078
4272.5 0.6437148771436276
4275.0 0.6453692541368476
4277.5 0.6470236311300676
4280.0 0.6486780081232876
4282.5 0.6501460621743901
4285.0 0.6516141162254926
4287.5 0.653082170276595
4290.0 0.6545502243276975
4292.5 0.6561757703192308
4295.0 0.6578013149181641
4297.5 0.6594268595170971
4300.0 0.6610524041160304
4302.5 0.6625346055924399
4305.0 0.6640168056762494
4307.5 0.6654990071526591
4310.0 0.6669812072364686
4312.5 0.6684603435998651
4315.0 0.6699394785706613
4317.5 0.6714186135414576
4320.0 0.6728977485122538
4322.5 0.6746512117940312
4325.0 0.6764046750758086
4327.5 0.6781581369649857
4330.0 0.6799116002467631
4332.5 0.6816573178862964
4335.0 0.6834030369184297
4337.5 0.685148754557963
4340.0 0.6868944721974962
4342.5 0.6887238489007071
4345.0 0.6905532256039182
4347.5 0.692382602307129
4350.0 0.6942119790103399
4352.5 0.6958615710293149
4355.0 0.6975111616556896
4357.5 0.6991607522820643
4360.0 0.7008103443010392
4362.5 0.701915092637366
4365.0 0.7030198423662928
4367.5 0.7041245920952197
4370.0 0.7052293404315465
4372.5 0.7066353987074916
4375.0 0.7080414555908364
4377.5 0.7094475124741814
4380.0 0.7108535693575262
4382.5 0.7123190582390828
4385.0 0.7137845485132398
4387.5 0.7152500387873967
4390.0 0.7167155276689533
4392.5 0.7183342554899677
4395.0 0.7199529833109818
4397.5 0.721571711131996
4400.0 0.7231904389530103
4402.5 0.7247680474682813
4405.0 0.7263456559835525
4407.5 0.7279232644988235
4410.0 0.7295008730140946
4412.5 0.731145104914947
4415.0 0.7327893368157993
4417.5 0.7344335687166517
4420.0 0.736077800617504
4422.5 0.7378073069982518
4425.0 0.7395368147715998
4427.5 0.741266322544948
4430.0 0.7429958303182959
4432.5 0.7445055690708178
4435.0 0.7460153078233395
4437.5 0.7475250465758614
4440.0 0.7490347853283832
4442.5 0.750658857948918
4445.0 0.7522829305694526
4447.5 0.7539070031899874
4450.0 0.7555310758105221
4452.5 0.7568548328079725
4455.0 0.758178591198023
4457.5 0.7595023495880737
4460.0 0.760826106585524
4462.5 0.7619257371161609
4465.0 0.7630253676467977
4467.5 0.7641249967848343
4470.0 0.7652246273154711
4472.5 0.7667804764528089
4475.0 0.7683363269827468
4477.5 0.7698921761200848
4480.0 0.7714480266500227
4482.5 0.773098171531272
4485.0 0.7747483178051217
4487.5 0.776398462686371
4490.0 0.7780486089602208
4492.5 0.7790942483815791
4495.0 0.7801398891955379
4497.5 0.7811855300094965
4500.0 0.7822311694308549
4502.5 0.7831863984628256
4505.0 0.784141626102196
4507.5 0.7850968551341666
4510.0 0.786052082773537
4512.5 0.7876493882258635
4515.0 0.7892466936781897
4517.5 0.7908440005231163
4520.0 0.7924413059754427
4522.5 0.7937086083538827
4525.0 0.7949759107323227
4527.5 0.7962432131107626
4530.0 0.7975105154892025
4532.5 0.7984846393205203
4535.0 0.7994587617592378
4537.5 0.8004328855905555
4540.0 0.8014070094218734
4542.5 0.8026479735529628
4545.0 0.8038889376840521
4547.5 0.8051299018151415
4550.0 0.806370865946231
4552.5 0.8075833555812818
4555.0 0.8087958438237325
4557.5 0.8100083334587833
4560.0 0.811220821701234
4562.5 0.8120644407911589
4565.0 0.8129080598810839
4567.5 0.813751680363609
4570.0 0.8145952994535339
4572.5 0.8156048719226302
4575.0 0.8166144429991266
4577.5 0.817624015468223
4580.0 0.8186335879373193
4582.5 0.8198928731164786
4585.0 0.8211521582956378
4587.5 0.8224114434747971
4590.0 0.8236707286539562
4592.5 0.8246680225671974
4595.0 0.8256653164804385
4597.5 0.8266626103936798
4600.0 0.827659904306921
4602.5 0.8286698875930729
4605.0 0.8296798708792247
4607.5 0.8306898541653766
4610.0 0.8316998374515282
4612.5 0.8325797630209476
4615.0 0.8334596899829669
4617.5 0.8343396155523861
4620.0 0.8352195425144057
4622.5 0.8358953853115133
4625.0 0.836571228108621
4627.5 0.8372470709057287
4630.0 0.8379229123102361
4632.5 0.8388119426996826
4635.0 0.8397009730891294
4637.5 0.8405900020859758
4640.0 0.8414790324754224
4642.5 0.8426910068484038
4645.0 0.8439029812213852
4647.5 0.8451149542017665
4650.0 0.8463269285747479
4652.5 0.8473226975907836
4655.0 0.8483184652142189
4657.5 0.8493142328376545
4660.0 0.8503100004610898
4662.5 0.8507724913390364
4665.0 0.8512349822169829
4667.5 0.8516974717023293
4670.0 0.8521599625802758
4672.5 0.8526574703899429
4675.0 0.8531549795922101
4677.5 0.8536524874018773
4680.0 0.8541499966041444
4682.5 0.855223936446518
4685.0 0.8562978776814917
4687.5 0.8573718189164653
4690.0 0.8584457601514391
4692.5 0.8590828134629178
4695.0 0.8597198667743963
4697.5 0.8603569200858749
4700.0 0.8609939733973535
4702.5 0.8614067818710026
4705.0 0.8618195903446517
4707.5 0.8622323974257005
4710.0 0.8626452058993496
4712.5 0.8637307558494882
4715.0 0.8648163057996269
4717.5 0.8659018557497655
4720.0 0.8669874056999042
4722.5 0.8677855536084993
4725.0 0.8685837029096946
4727.5 0.8693818508182898
4730.0 0.870180000119485
4732.5 0.8705834781718763
4735.0 0.8709869562242675
4737.5 0.871390435669259
4740.0 0.8717939137216503
4742.5 0.872342603766017
4745.0 0.8728912938103838
4747.5 0.8734399824621503
4750.0 0.873988672506517
4752.5 0.8748289242891879
4755.0 0.8756691760718589
4757.5 0.8765094264619298
4760.0 0.8773496782446008
4762.5 0.8783071340442715
4765.0 0.8792645912365423
4767.5 0.8802220470362132
4770.0 0.8811795042284841
4772.5 0.8818081378792277
4775.0 0.8824367715299715
4777.5 0.883065405180715
4780.0 0.8836940388314586
4782.5 0.8839643132832932
4785.0 0.8842345877351279
4787.5 0.8845048635795626
4790.0 0.8847751380313973
4792.5 0.8850527264194177
4795.0 0.8853303148074383
4797.5 0.8856079031954589
4800.0 0.8858854915834796
4802.5 0.8870105509935443
4805.0 0.8881356117962091
4807.5 0.8892606725988742
4810.0 0.890385732008939
4812.5 0.8906265877818077
4815.0 0.8908674421620764
4817.5 0.891108296542345
4820.0 0.8913491509226136
4822.5 0.8912811042996406
4825.0 0.8912130576766674
4827.5 0.8911450110536944
4830.0 0.8910769644307212
4832.5 0.8914143970266091
4835.0 0.891751828229897
4837.5 0.8920892608257849
4840.0 0.8924266920290727
4842.5 0.8931039260337679
4845.0 0.8937811586458627
4847.5 0.894458392650558
4850.0 0.8951356266552533
4852.5 0.895799111518295
4855.0 0.8964625977739369
4857.5 0.8971260840295788
4860.0 0.8977895702852208
4862.5 0.8984377560426001
4865.0 0.8990859431925796
4867.5 0.899734128949959
4870.0 0.9003823160999385
4872.5 0.9007413033615321
4875.0 0.901100292015726
4877.5 0.9014592806699198
4880.0 0.9018182693241136
4882.5 0.9021733768015843
4885.0 0.9025284828864546
4887.5 0.9028835903639252
4890.0 0.9032386978413959
4892.5 0.9036729105799303
4895.0 0.9041071233184649
4897.5 0.9045413374495995
4900.0 0.9049755501881339
4902.5 0.9052838203434908
4905.0 0.9055920891062472
4907.5 0.9059003592616038
4910.0 0.9062086294169605
4912.5 0.9062442047813563
4915.0 0.906279780145752
4917.5 0.9063153555101477
4920.0 0.9063509322671438
4922.5 0.906708634158764
4925.0 0.9070663360503844
4927.5 0.9074240379420048
4930.0 0.9077817412262253
4932.5 0.9084802249171852
4935.0 0.909178708608145
4937.5 0.9098771909065047
4940.0 0.9105756745974642
4942.5 0.91155838798674
4945.0 0.9125410999834154
4947.5 0.913523811980091
4950.0 0.9145065239767665
4952.5 0.9149352150555565
4955.0 0.9153639061343466
4957.5 0.9157925972131369
4960.0 0.916221288291927
4962.5 0.916533567743224
4965.0 0.9168458471945212
4967.5 0.9171581280384186
4970.0 0.9174704074897158
4972.5 0.9177494051891263
4975.0 0.9180284042811371
4977.5 0.9183074019805475
4980.0 0.9185863996799581
4982.5 0.9183816066815508
4985.0 0.9181768136831435
4987.5 0.9179720220773363
4990.0 0.9177672290789292
4992.5 0.9178414769505381
4995.0 0.9179157248221471
4997.5 0.9179899740863564
5000.0 0.9180642219579654
5002.5 0.9185358079077381
5005.0 0.9190073938575106
5007.5 0.9194789798072833
5010.0 0.9199505657570559
5012.5 0.9209899746851744
5015.0 0.9220293822206929
5017.5 0.9230687911488114
5020.0 0.92410820007693
5022.5 0.9242476341707265
5025.0 0.9243870682645231
5027.5 0.9245265023583197
5030.0 0.9246659378447164
5032.5 0.9247914904998417
5035.0 0.9249170431549668
5037.5 0.9250425958100922
5040.0 0.9251681470726172
5042.5 0.9256801950208444
5045.0 0.9261922429690715
5047.5 0.9267042895246984
5050.0 0.9272163374729255
5052.5 0.9275898300580746
5055.0 0.9279633226432237
5057.5 0.9283368152283726
5060.0 0.9287103078135217
5062.5 0.9294565716169225
5065.0 0.9302028368129236
5067.5 0.9309491006163245
5070.0 0.9316953658123255
5072.5 0.9318484320693597
5075.0 0.9320014983263939
5077.5 0.9321545659760284
5080.0 0.9323076322330627
5082.5 0.9321136249231093
5085.0 0.9319196162205557
5087.5 0.9317256089106024
5090.0 0.931531601600649
5092.5 0.9322350011702716
5095.0 0.9329384007398941
5097.5 0.9336418003095165
5100.0 0.934345199879139
5102.5 0.9350802671770304
5105.0 0.9358153330823218
5107.5 0.9365504003802133
5110.0 0.9372854676781047
5112.5 0.9374182298244018
5115.0 0.9375509933632992
5117.5 0.9376837569021965
5120.0 0.9378165190484936
5122.5 0.9374981121563705
5125.0 0.9371797038716472
5127.5 0.9368612969795239
5130.0 0.9365428886948006
5132.5 0.9374905322335486
5135.0 0.9384381757722967
5137.5 0.9393858193110447
5140.0 0.9403334628497927
5142.5 0.9406919251011157
5145.0 0.9410503873524385
5147.5 0.9414088496037613
5150.0 0.9417673118550842
5152.5 0.9417519417268122
5155.0 0.9417365715985403
5157.5 0.9417212028628684
5160.0 0.9417058327345965
5162.5 0.941922712110033
5165.0 0.9421395914854698
5167.5 0.9423564708609065
5170.0 0.9425733516289432
5172.5 0.9426704701734354
5175.0 0.9427675887179275
5177.5 0.9428647072624198
5180.0 0.9429618258069119
5182.5 0.9435363917553667
5185.0 0.9441109563112214
5187.5 0.9446855208670762
5190.0 0.9452600854229309
5192.5 0.9462158506059738
5195.0 0.9471716143964165
5197.5 0.9481273795794595
5200.0 0.9490831433699022
5202.5 0.9495856380808415
5205.0 0.9500881313991806
5207.5 0.9505906261101199
5210.0 0.9510931194284591
5212.5 0.9511689715754844
5215.0 0.9512448223299095
5217.5 0.9513206744769348
5220.0 0.9513965266239601
5222.5 0.9513361086648153
5225.0 0.9512756907056706
5227.5 0.9512152713539258
5230.0 0.9511548533947811
5232.5 0.9514214499895199
5235.0 0.9516880451916585
5237.5 0.9519546417863973
5240.0 0.952221236988536
5242.5 0.9527283996953047
5245.0 0.9532355624020732
5247.5 0.9537427251088417
5250.0 0.9542498864230101
5252.5 0.9544712931416571
5255.0 0.9546926998603041
5257.5 0.9549141065789509
5260.0 0.9551355132975979
5262.5 0.9553648160593093
5265.0 0.955594120213621
5267.5 0.9558234243679324
5270.0 0.9560527285222441
5272.5 0.9561918061103926
5275.0 0.9563308850911412
5277.5 0.9564699640718899
5280.0 0.9566090430526386
5282.5 0.9566123518706847
5285.0 0.9566156620813309
5287.5 0.9566189708993769
5290.0 0.9566222797174231
5292.5 0.9566693732779714
5295.0 0.9567164668385201
5297.5 0.9567635617916688
5300.0 0.9568106553522171
5302.5 0.9574857614638256
5305.0 0.9581608661828337
5307.5 0.9588359722944421
5310.0 0.9595110784060503
5312.5 0.9600521314309876
5315.0 0.9605931858485249
5317.5 0.9611342402660624
5320.0 0.9616752946835997
5322.5 0.9622246100054507
5325.0 0.9627739253273018
5327.5 0.9633232420417529
5330.0 0.963872557363604
5332.5 0.9644871243598512
5335.0 0.9651016899634983
5337.5 0.9657162555671456
5340.0 0.9663308211707927
5342.5 0.9662005977346377
5345.0 0.966070375691083
5347.5 0.9659401522549281
5350.0 0.9658099288187733
5352.5 0.9659789821259627
5355.0 0.9661480354331521
5357.5 0.9663170873477411
5360.0 0.9664861406549307
5362.5 0.9665876361418129
5365.0 0.9666891316286951
5367.5 0.9667906271155773
5370.0 0.9668921239950596
5372.5 0.9670986521733008
5375.0 0.9673051803515421
5377.5 0.9675117099223834
5380.0 0.9677182381006249
5382.5 0.9682572370402851
5385.0 0.9687962359799454
5387.5 0.9693352363122059
5390.0 0.9698742352518661
5392.5 0.9704084171874771
5395.0 0.970942599123088
5397.5 0.971476781058699
5400.0 0.9720109629943098
5402.5 0.9722979444705967
5405.0 0.9725849259468835
5407.5 0.9728719088157705
5410.0 0.9731588902920573
5412.5 0.9733027082912448
5415.0 0.9734465276830325
5417.5 0.9735903470748202
5420.0 0.9737341650740078
5422.5 0.9734761399334244
5425.0 0.9732181147928411
5427.5 0.9729600896522578
5430.0 0.9727020631190743
5432.5 0.9725597658392918
5435.0 0.9724174685595092
5437.5 0.9722751712797266
5440.0 0.9721328739999442
5442.5 0.9724401122385617
5445.0 0.9727473504771793
5447.5 0.9730545887157969
5450.0 0.9733618269544143
5452.5 0.9740979052800421
5455.0 0.9748339822130697
5457.5 0.9755700605386975
5460.0 0.9763061374717251
5462.5 0.9770054720413995
5465.0 0.9777048066110742
5467.5 0.9784041411807486
5470.0 0.9791034757504231
5472.5 0.9789821203922636
5475.0 0.9788607650341042
5477.5 0.9787394096759447
5480.0 0.9786180543177854
5482.5 0.9786398693997262
5485.0 0.9786616830890668
5487.5 0.9786834981710076
5490.0 0.9787053132529484
5492.5 0.9788520905275349
5495.0 0.9789988678021214
5497.5 0.9791456436841075
5500.0 0.9792924209586941
5502.5 0.979150119501111
5505.0 0.9790078166509277
5507.5 0.9788655151933445
5510.0 0.9787232137357615
5512.5 0.9785536799815073
5515.0 0.9783841448346531
5517.5 0.9782146096877986
5520.0 0.9780450759335444
5522.5 0.979140477137411
5525.0 0.980235879733878
5527.5 0.9813312809377447
5530.0 0.9824266835342115
5532.5 0.9828448730149859
5535.0 0.9832630638883605
5537.5 0.983681253369135
5540.0 0.9840994442425096
5542.5 0.9840600071977933
5545.0 0.9840205715456771
5547.5 0.9839811345009607
5550.0 0.9839416974562444
5552.5 0.9841118369915802
5555.0 0.9842819765269161
5557.5 0.9844521160622518
5560.0 0.9846222555975878
5562.5 0.9847579324560778
5565.0 0.9848936093145678
5567.5 0.9850292847804577
5570.0 0.9851649616389478
5572.5 0.9850996640087453
5575.0 0.9850343649859425
5577.5 0.9849690673557401
5580.0 0.9849037697255375
5582.5 0.9848089615047567
5585.0 0.9847141546765763
5587.5 0.9846193478483957
5590.0 0.9845245410202152
5592.5 0.9850415619437128
5595.0 0.9855585842598105
5597.5 0.9860756051833081
5600.0 0.9865926261068055
5602.5 0.9864464768949036
5605.0 0.9863003276830019
5607.5 0.9861541798637004
5610.0 0.9860080306517985
5612.5 0.9865599069653946
5615.0 0.9871117818863908
5617.5 0.987663658199987
5620.0 0.9882155345135833
5622.5 0.9882066009833791
5625.0 0.988197668845775
5627.5 0.9881887353155705
5630.0 0.9881798031779666
5632.5 0.9885036077884173
5635.0 0.9888274123988681
5637.5 0.9891512170093189
5640.0 0.9894750216197697
5642.5 0.9895849325895864
5645.0 0.9896948435594031
5647.5 0.9898047559218199
5650.0 0.9899146668916365
5652.5 0.9898819574984272
5655.0 0.9898492467126175
5657.5 0.9898165373194081
5660.0 0.9897838279261986
5662.5 0.9903204622307402
5665.0 0.9908570965352818
5667.5 0.9913937308398232
5670.0 0.9919303665369649
5672.5 0.9920543246648752
5675.0 0.9921782841853858
5677.5 0.9923022423132961
5680.0 0.9924262018338066
5682.5 0.9918538988606566
5685.0 0.9912815972801069
5687.5 0.9907092956995572
5690.0 0.9901369941190076
5692.5 0.9906177573040174
5695.0 0.9910985204890271
5697.5 0.9915792836740369
5700.0 0.9920600468590466
5702.5 0.991785277093806
5705.0 0.9915105087211656
5707.5 0.9912357403485251
5710.0 0.9909609719758847
5712.5 0.9909935156496718
5715.0 0.9910260593234589
5717.5 0.9910586029972459
5720.0 0.9910911480636332
5722.5 0.9911595525848546
5725.0 0.9912279571060759
5727.5 0.9912963602346971
5730.0 0.9913647647559185
5732.5 0.9918331950736656
5735.0 0.9923016239988126
5737.5 0.99277005431656
5740.0 0.9932384832417069
5742.5 0.9930314203049936
5745.0 0.9928243573682802
5747.5 0.9926172944315669
5750.0 0.9924102301022534
5752.5 0.9924467204049725
5755.0 0.9924832093150915
5757.5 0.9925196996178106
5760.0 0.9925561885279296
5762.5 0.9927019046411729
5765.0 0.9928476193618161
5767.5 0.9929933354750596
5770.0 0.993139051588303
5772.5 0.9938079550586753
5775.0 0.9944768585290474
5777.5 0.9951457619994196
5780.0 0.995814666862392
5782.5 0.9955937990800177
5785.0 0.9953729312976433
5787.5 0.9951520649078693
5790.0 0.9949311971254948
5792.5 0.9950074907267797
5795.0 0.9950837857206648
5797.5 0.9951600793219497
5800.0 0.9952363729232345
5802.5 0.9956794314581614
5805.0 0.9961224899930883
5807.5 0.9965655485280154
5810.0 0.9970086070629423
5812.5 0.9966382241540124
5815.0 0.9962678412450826
5817.5 0.9958974583361526
5820.0 0.9955270754272229
5822.5 0.9960279672553461
5825.0 0.9965288590834693
5827.5 0.9970297509115926
5830.0 0.9975306427397157
5832.5 0.997267229629006
5835.0 0.9970038165182965
5837.5 0.9967404020149866
5840.0 0.9964769889042769
5842.5 0.9961534516730621
5845.0 0.9958299130492473
5847.5 0.9955063744254323
5850.0 0.9951828371942175
5852.5 0.9946430737170541
5855.0 0.9941033102398907
5857.5 0.9935635481553277
5860.0 0.9930237846781642
5862.5 0.9938712654484099
5865.0 0.9947187462186553
5867.5 0.9955662269889007
5870.0 0.9964137077591462
5872.5 0.9965380934153141
5875.0 0.9966624790714822
5877.5 0.9967868647276501
5880.0 0.996911250383818
5882.5 0.9973975728287771
5885.0 0.9978838938811362
5887.5 0.9983702163260953
5890.0 0.9988565387710545
5892.5 0.999115492775963
5895.0 0.9993744481734719
5897.5 0.9996334035709805
5900.0 0.9998923589684893
5902.5 0.9992496809448524
5905.0 0.9986070029212156
5907.5 0.9979643248975787
5910.0 0.9973216482665421
5912.5 0.9963880268190843
5915.0 0.9954544053716265
5917.5 0.9945207839241688
5920.0 0.993587162476711
5922.5 0.9942709194206855
5925.0 0.9949546749720598
5927.5 0.9956384319160344
5930.0 0.9963221888600089
5932.5 0.9963550082686332
5935.0 0.9963878276772574
5937.5 0.9964206470858817
5940.0 0.996453466494506
5942.5 0.996542395157294
5945.0 0.9966313252126824
5947.5 0.9967202538754705
5950.0 0.9968091839308588
5952.5 0.997606887599994
5955.0 0.9984045926617294
5957.5 0.9992022963308648
5960.0 1.0
5962.5 0.9991665496766459
5965.0 0.9983330979606916
5967.5 0.9974996476373373
5970.0 0.9966661959213833
5972.5 0.9965852830652757
5975.0 0.9965043688165678
5977.5 0.9964234559604603
5980.0 0.9963425431043528
5982.5 0.9958791470362842
5985.0 0.9954157509682157
5987.5 0.9949523549001471
5990.0 0.9944889588320786
5992.5 0.994534086041162
5995.0 0.9945792118576453
5997.5 0.9946243390667285
6000.0 0.994669466275812
6002.5 0.995848789744792
6005.0 0.9970281146063719
6007.5 0.9982074380753518
6010.0 0.9993867615443317
6012.5 0.9985555157070748
6015.0 0.9977242684772176
6017.5 0.9968930212473605
6020.0 0.9960617740175035
6022.5 0.9959474791422958
6025.0 0.9958331856596884
6027.5 0.9957188907844807
6030.0 0.9956045959092732
6032.5 0.9959389522513464
6035.0 0.9962733085934197
6037.5 0.9966076649354929
6040.0 0.9969420212775661
6042.5 0.9963969631344889
6045.0 0.9958519035988116
6047.5 0.9953068454557346
6050.0 0.9947617873126574
6052.5 0.9947653454061371
6055.0 0.9947689034996168
6057.5 0.9947724615930964
6060.0 0.9947760182939758
6062.5 0.9943815531499997
6065.0 0.9939870866134232
6067.5 0.9935926200768468
6070.0 0.9931981535402703
6072.5 0.9935261289882833
6075.0 0.9938541044362963
6077.5 0.9941820812769097
6080.0 0.9945100567249227
6082.5 0.9946598824013201
6085.0 0.9948097094703175
6087.5 0.994959535146715
6090.0 0.9951093622157126
6092.5 0.9948746310984695
6095.0 0.9946398999812264
6097.5 0.9944051688639832
6100.0 0.9941704391393402
6102.5 0.9945758222687883
6105.0 0.9949812067908365
6107.5 0.9953865913128848
6110.0 0.9957919758349331
6112.5 0.9951900230111862
6115.0 0.9945880715800395
6117.5 0.9939861201488928
6120.0 0.9933841687177463
6122.5 0.9935139715886444
6125.0 0.9936437758521428
6127.5 0.993773578723041
6130.0 0.9939033829865395
6132.5 0.9937984241029902
6135.0 0.9936934652194412
6137.5 0.9935885063358921
6140.0 0.993483547452343
6142.5 0.9936773082720631
6145.0 0.993871067699183
6147.5 0.9940648285189032
6150.0 0.9942585879460233
6152.5 0.9942350543954508
6155.0 0.9942115208448783
6157.5 0.9941879886869059
6160.0 0.9941644551363334
6162.5 0.9938448770674525
6165.0 0.9935253003911716
6167.5 0.9932057237148908
6170.0 0.9928861456460097
6172.5 0.9920998724392154
6175.0 0.991313599232421
6177.5 0.9905273246330264
6180.0 0.989741051426232
6182.5 0.9899964222708576
6185.0 0.9902517931154832
6187.5 0.9905071639601086
6190.0 0.9907625348047342
6192.5 0.9910293737119057
6195.0 0.9912962140116773
6197.5 0.9915630529188489
6200.0 0.9918298932186205
6202.5 0.9917773726951404
6205.0 0.9917248535642605
6207.5 0.9916723344333807
6210.0 0.9916198153025008
6212.5 0.9921755700076198
6215.0 0.9927313247127388
6217.5 0.9932870808104581
6220.0 0.9938428355155772
6222.5 0.9930620463683221
6225.0 0.9922812586136672
6227.5 0.9915004694664121
6230.0 0.9907196803191572
6232.5 0.9898486757465406
6235.0 0.9889776697813237
6237.5 0.988106665208707
6240.0 0.9872356592434902
6242.5 0.9872750907178058
6245.0 0.9873145221921213
6247.5 0.9873539522738368
6250.0 0.9873933837481524
6252.5 0.9873049578140322
6255.0 0.9872165318799117
6257.5 0.9871281073383915
6260.0 0.9870396814042712
6262.5 0.9872142897936095
6265.0 0.987388899575548
6267.5 0.9875635079648862
6270.0 0.9877381177468246
6272.5 0.9874411541123921
6275.0 0.9871441918705599
6277.5 0.9868472282361275
6280.0 0.9865502659942951
6282.5 0.9866196940766544
6285.0 0.9866891235516139
6287.5 0.9867585530265734
6290.0 0.9868279811089328
6292.5 0.986338405549935
6295.0 0.9858488285983372
6297.5 0.9853592516467392
6300.0 0.9848696760877415
6302.5 0.9850085141486576
6305.0 0.9851473522095738
6307.5 0.98528619027049
6310.0 0.9854250297240065
6312.5 0.9858989844866984
6315.0 0.9863729406419907
6317.5 0.9868468967972828
6320.0 0.9873208529525748
6322.5 0.9868866680660441
6325.0 0.9864524831795134
6327.5 0.9860182982929827
6330.0 0.985584113406452
6332.5 0.985389841502463
6335.0 0.9851955695984739
6337.5 0.9850012976944849
6340.0 0.9848070257904958
6342.5 0.9843080543580315
6345.0 0.9838090843181674
6347.5 0.9833101142783032
6350.0 0.9828111428458389
6352.5 0.9832040928408109
6355.0 0.9835970414431827
6357.5 0.9839899900455545
6360.0 0.9843829386479264
6362.5 0.9842308277146209
6365.0 0.9840787167813154
6367.5 0.9839266072406102
6370.0 0.9837744963073047
6372.5 0.9841063334356382
6375.0 0.9844381705639719
6377.5 0.9847700076923056
6380.0 0.9851018448206392
6382.5 0.9843745941876015
6385.0 0.9836473435545638
6387.5 0.9829200943141262
6390.0 0.9821928436810885
6392.5 0.9818795935874606
6395.0 0.9815663434938324
6397.5 0.9812530934002044
6400.0 0.9809398433065765
6402.5 0.9807694182882022
6405.0 0.9805989932698278
6407.5 0.9804285682514535
6410.0 0.9802581446256793
6412.5 0.9805738150584337
6415.0 0.9808894868837882
6417.5 0.9812051587091426
6420.0 0.981520830534497
6422.5 0.981595500363963
6425.0 0.981670170193429
6427.5 0.981744841415495
6430.0 0.981819511244961
6432.5 0.9815389886483448
6435.0 0.9812584646591286
6437.5 0.9809779420625124
6440.0 0.980697418073296
6442.5 0.9801370301873525
6445.0 0.9795766409088087
6447.5 0.9790162516302647
6450.0 0.9784558623517209
6452.5 0.9783807134677904
6455.0 0.9783055645838599
6457.5 0.9782304156999294
6460.0 0.9781552668159988
6462.5 0.978900828748905
6465.0 0.9796463906818113
6467.5 0.9803919540073176
6470.0 0.9811375159402239
6472.5 0.9808424615606488
6475.0 0.980547408573674
6477.5 0.9802523541940987
6480.0 0.979957301207124
6482.5 0.9792444639860292
6485.0 0.9785316267649344
6487.5 0.9778187895438397
6490.0 0.9771059537153451
6492.5 0.9773622325352932
6495.0 0.9776185113552409
6497.5 0.977874790175189
6500.0 0.9781310703877371
6502.5 0.9781875765329543
6505.0 0.9782440840707719
6507.5 0.9783005916085896
6510.0 0.9783570977538069
6512.5 0.9782441439525801
6515.0 0.978131188758753
6517.5 0.9780182349575262
6520.0 0.977905279763699
6522.5 0.9779565789768145
6525.0 0.97800787818993
6527.5 0.9780591774030454
6530.0 0.9781104766161609
6532.5 0.9778551141271365
6535.0 0.9775997502455118
6537.5 0.9773443877564875
6540.0 0.977089023874863
6542.5 0.9766552108125823
6545.0 0.9762213963577014
6547.5 0.9757875819028207
6550.0 0.9753537688405401
6552.5 0.9754189717739299
6555.0 0.9754841760999199
6557.5 0.9755493790333095
6560.0 0.9756145833592994
6562.5 0.9753190903106652
6565.0 0.9750235986546313
6567.5 0.9747281069985971
6570.0 0.9744326153425631
6572.5 0.9748756446328861
6575.0 0.9753186753158092
6577.5 0.9757617059987326
6580.0 0.9762047352890556
6582.5 0.9757597828178732
6585.0 0.975314830346691
6587.5 0.9748698764829086
6590.0 0.9744249240117262
6592.5 0.9748779674899992
6595.0 0.9753310095756721
6597.5 0.9757840516613447
6600.0 0.9762370951396178
6602.5 0.9759512249582807
6605.0 0.9756653547769438
6607.5 0.9753794845956067
6610.0 0.9750936144142697
6612.5 0.9750376945537313
6615.0 0.974981774693193
6617.5 0.9749258548326548
6620.0 0.9748699335795161
6622.5 0.9742880077390691
6625.0 0.9737060805060218
6627.5 0.9731241532729745
6630.0 0.9725422260399272
6632.5 0.9726620690342828
6635.0 0.9727819106360381
6637.5 0.9729017536303938
6640.0 0.9730215966247493
6642.5 0.9732048697724556
6645.0 0.9733881429201618
6647.5 0.9735714160678683
6650.0 0.9737546906081748
6652.5 0.9741181731831744
6655.0 0.974481655758174
6657.5 0.9748451383331737
6660.0 0.975208619515573
6662.5 0.9753872761936571
6665.0 0.975565931479141
6667.5 0.9757445881572249
6670.0 0.9759232434427088
6672.5 0.975685103240206
6675.0 0.975446961645103
6677.5 0.9752088214426002
6680.0 0.9749706798474973
6682.5 0.9745262217493817
6685.0 0.9740817636512662
6687.5 0.9736373041605504
6690.0 0.9731928460624348
6692.5 0.9727444761503918
6695.0 0.9722961048457487
6697.5 0.9718477349337058
6700.0 0.9713993636290625
6702.5 0.9717585750992864
6705.0 0.9721177865695103
6707.5 0.9724769966471339
6710.0 0.9728362081173578
6712.5 0.9722138773750639
6715.0 0.9715915452401698
6717.5 0.970969214497876
6720.0 0.9703468823629818
6722.5 0.9711704577584047
6725.0 0.9719940317612275
6727.5 0.9728176057640501
6730.0 0.9736411797668728
6732.5 0.9734615775132613
6735.0 0.97328197525965
6737.5 0.9731023743986386
6740.0 0.9729227721450271
6742.5 0.972651677451682
6745.0 0.9723805827583368
6747.5 0.9721094894575918
6750.0 0.9718383947642466
6752.5 0.971331401954701
6755.0 0.9708244105377554
6757.5 0.9703174177282098
6760.0 0.9698104249186641
6762.5 0.9697098374071043
6765.0 0.9696092498955444
6767.5 0.9695086609913844
6770.0 0.9694080734798247
6772.5 0.9695712987552284
6775.0 0.9697345240306322
6777.5 0.9698977493060359
6780.0 0.9700609731888395
6782.5 0.9702511536334769
6785.0 0.9704413326855142
6787.5 0.9706315131301517
6790.0 0.9708216935747891
6792.5 0.9705808656539241
6795.0 0.9703400391256592
6797.5 0.9700992125973944
6800.0 0.9698583860691297
6802.5 0.9696483373976137
6805.0 0.9694382873334977
6807.5 0.9692282372693818
6810.0 0.9690181872052657
6812.5 0.9686794330317996
6815.0 0.9683406788583334
6817.5 0.9680019246848675
6820.0 0.9676631705114013
6822.5 0.9675179069932189
6825.0 0.9673726434750366
6827.5 0.9672273799568543
6830.0 0.9670821164386717
6832.5 0.9669306614200547
6835.0 0.9667792064014376
6837.5 0.9666277513828206
6840.0 0.9664762963642036
6842.5 0.9664607674795102
6845.0 0.966445239987417
6847.5 0.9664297124953237
6850.0 0.9664141850032306
6852.5 0.9663039829799747
6855.0 0.966193782349319
6857.5 0.9660835817186634
6860.0 0.9659733810880076
6862.5 0.9657873422363284
6865.0 0.9656013033846492
6867.5 0.9654152645329701
6870.0 0.965229225681291
6872.5 0.9650360121534446
6875.0 0.9648427986255983
6877.5 0.9646495850977519
6880.0 0.9644563715699056
6882.5 0.9647488176093291
6885.0 0.9650412636487525
6887.5 0.9653337110807763
6890.0 0.9656261571201996
6892.5 0.9649748547236002
6895.0 0.9643235523270008
6897.5 0.9636722499304012
6900.0 0.9630209475338017
6902.5 0.9631631473315712
6905.0 0.9633053471293406
6907.5 0.96344754692711
6910.0 0.9635897453322791
6912.5 0.9642105859923722
6915.0 0.9648314266524652
6917.5 0.9654522673125584
6920.0 0.9660731065800511
6922.5 0.9646522602827124
6925.0 0.9632314125927737
6927.5 0.961810566295435
6930.0 0.9603897186054963
6932.5 0.9608092171304473
6935.0 0.9612287156553982
6937.5 0.9616482155729492
6940.0 0.9620677140979002
6942.5 0.9614921064845048
6945.0 0.9609164988711094
6947.5 0.9603408926503144
6950.0 0.9597652850369189
6952.5 0.9598396526721442
6955.0 0.9599140203073693
6957.5 0.9599883879425946
6960.0 0.9600627555778198
6962.5 0.9598464819834648
6965.0 0.9596302083891098
6967.5 0.9594139347947548
6970.0 0.9591976625930001
6972.5 0.9589178168000752
6975.0 0.9586379710071502
6977.5 0.9583581238216251
6980.0 0.9580782780287004
6982.5 0.9584135131014919
6985.0 0.9587487481742837
6987.5 0.9590839832470754
6990.0 0.9594192183198671
6992.5 0.9591845122694272
6995.0 0.9589498076115878
6997.5 0.9587151015611479
7000.0 0.9584803955107082
7002.5 0.9583453202554991
7005.0 0.9582102463928904
7007.5 0.9580751711376814
7010.0 0.9579400958824725
7012.5 0.9565942202162404
7015.0 0.9552483445500083
7017.5 0.9539024702763763
7020.0 0.9525565946101442
7022.5 0.9522163754212807
7025.0 0.9518761548398169
7027.5 0.9515359356509534
7030.0 0.9511957164620897
7032.5 0.9517095747905608
7035.0 0.952223431726432
7037.5 0.952737290054903
7040.0 0.9532511483833742
7042.5 0.9531567788316527
7045.0 0.9530624106725314
7047.5 0.9529680425134098
7050.0 0.9528736743542885
7052.5 0.9528188630034996
7055.0 0.9527640516527106
7057.5 0.952709241694522
7060.0 0.9526544303437331
7062.5 0.9519116758928053
7065.0 0.9511689200492773
7067.5 0.9504261655983496
7070.0 0.9496834097548217
7072.5 0.9489800728522076
7075.0 0.9482767359495936
7077.5 0.9475733990469797
7080.0 0.9468700621443655
7082.5 0.9464232324481303
7085.0 0.945976402751895
7087.5 0.9455295716630594
7090.0 0.9450827419668241
7092.5 0.9450624086114829
7095.0 0.9450420752561419
7097.5 0.945021741900801
7100.0 0.9450014099380599
7102.5 0.9448692090096384
7105.0 0.9447370094738172
7107.5 0.9446048085453957
7110.0 0.9444726090095745
7112.5 0.9442269501586581
7115.0 0.9439812913077419
7117.5 0.9437356338494258
7120.0 0.9434899749985094
7122.5 0.9431586127468399
7125.0 0.9428272504951704
7127.5 0.9424958868509005
7130.0 0.9421645245992308
7132.5 0.9420262742155938
7135.0 0.9418880224393568
7137.5 0.9417497720557196
7140.0 0.9416115216720827
7142.5 0.9408035141541584
7145.0 0.9399955066362342
7147.5 0.9391875005109103
7150.0 0.9383794929929858
7152.5 0.9382026063097405
7155.0 0.9380257196264951
7157.5 0.9378488343358499
7160.0 0.9376719476526044
7162.5 0.9374864950856044
7165.0 0.9373010425186044
7167.5 0.9371155899516042
7170.0 0.9369301359920039
7172.5 0.9361308712180583
7175.0 0.9353316064441125
7177.5 0.9345323402775667
7180.0 0.9337330755036208
7182.5 0.9332691196102768
7185.0 0.9328051637169328
7187.5 0.9323412078235888
7190.0 0.9318772519302447
7192.5 0.9324383723238872
7195.0 0.9329994913249294
7197.5 0.9335606117185719
7200.0 0.9341217321122142
7202.5 0.932866289116973
7205.0 0.9316108461217316
7207.5 0.9303554031264905
7210.0 0.9290999601312492
7212.5 0.9285436762380588
7215.0 0.9279873909522682
7217.5 0.9274311070590778
7220.0 0.9268748231658874
7222.5 0.9261724081645977
7225.0 0.9254699945559081
7227.5 0.9247675795546183
7230.0 0.9240651645533285
7232.5 0.9245572217258607
7235.0 0.925049278898393
7237.5 0.9255413360709254
7240.0 0.9260333932434576
7242.5 0.9250924620376144
7245.0 0.9241515308317712
7247.5 0.9232105996259281
7250.0 0.9222696684200848
7252.5 0.9228920896813909
7255.0 0.9235145123352974
7257.5 0.9241369335966034
7260.0 0.9247593548579095
7262.5 0.9239350079619827
7265.0 0.923110662458656
7267.5 0.922286315562729
7270.0 0.9214619686668022
7272.5 0.9203276763174928
7275.0 0.919193382575583
7277.5 0.9180590888336735
7280.0 0.9169247964843641
7282.5 0.9164765463359373
7285.0 0.9160282961875105
7287.5 0.9155800460390837
7290.0 0.9151317958906569
7292.5 0.9143551901143657
7295.0 0.9135785829454744
7297.5 0.9128019771691832
7300.0 0.912025370000292
7302.5 0.9122326627160363
7305.0 0.9124399554317807
7307.5 0.9126472467549247
7310.0 0.912854539470669
7312.5 0.9122271786564969
7315.0 0.911599817842325
7317.5 0.910972457028153
7320.0 0.910345096213981
7322.5 0.9101397169308947
7325.0 0.9099343376478083
7327.5 0.9097289583647219
7330.0 0.9095235790816355
7332.5 0.9091152311063878
7335.0 0.90870688313114
7337.5 0.9082985351558922
7340.0 0.9078901871806444
7342.5 0.9073947613082581
7345.0 0.9068993354358718
7347.5 0.9064039109560856
7350.0 0.9059084850836991
7352.5 0.9048401476718809
7355.0 0.9037718088674623
7357.5 0.9027034714556441
7360.0 0.9016351326512256
7362.5 0.9009277042892601
7365.0 0.9002202745346943
7367.5 0.8995128447801284
7370.0 0.8988054150255628
7372.5 0.898801121639184
7375.0 0.898796826860205
7377.5 0.8987925334738263
7380.0 0.8987882386948473
7382.5 0.8986834023601147
7385.0 0.8985785674179823
7387.5 0.8984737310832498
7390.0 0.8983688947485172
7392.5 0.8978161759118074
7395.0 0.8972634570750976
7397.5 0.8967107382383878
7400.0 0.8961580180090778
7402.5 0.8952979216737316
7405.0 0.8944378253383855
7407.5 0.8935777290030392
7410.0 0.8927176326676931
7412.5 0.8920076628103849
7415.0 0.8912976943456768
7417.5 0.8905877244883686
7420.0 0.8898777560236608
7422.5 0.889578543339925
7425.0 0.8892793306561895
7427.5 0.888980119365054
7430.0 0.8886809066813182
7432.5 0.8878311016613595
7435.0 0.8869812952488004
7437.5 0.8861314902288416
7440.0 0.8852816838162826
7442.5 0.8850789713625558
7445.0 0.8848762575162288
7447.5 0.884673545062502
7450.0 0.8844708312161748
7452.5 0.8834526190555136
7455.0 0.8824344082874528
7457.5 0.8814161961267917
7460.0 0.8803979839661306
7462.5 0.8798074755307265
7465.0 0.8792169684879226
7467.5 0.8786264600525187
7470.0 0.8780359516171145
7472.5 0.8781755946009392
7475.0 0.8783152375847638
7477.5 0.8784548819611888
7480.0 0.8785945249450136
7482.5 0.8779448115052282
7485.0 0.8772950994580432
7487.5 0.8766453860182578
7490.0 0.8759956739710728
7492.5 0.875157064064023
7495.0 0.8743184541569735
7497.5 0.8734798442499238
7500.0 0.8726412343428742
7502.5 0.8723275998915944
7505.0 0.8720139654403146
7507.5 0.8717003309890348
7510.0 0.871386696537755
7512.5 0.8711589896958588
7515.0 0.8709312842465627
7517.5 0.8707035774046663
7520.0 0.8704758705627701
7522.5 0.8692153111544392
7525.0 0.8679547517461081
7527.5 0.8666941923377772
7530.0 0.8654336329294462
7532.5 0.864780291766172
7535.0 0.8641269506028977
7537.5 0.8634736094396234
7540.0 0.862820268276349
7542.5 0.8629752493586413
7545.0 0.8631302318335339
7547.5 0.8632852129158264
7550.0 0.8634401953907189
7552.5 0.8627682351629347
7555.0 0.8620962735425503
7557.5 0.861424313314766
7560.0 0.8607523530869817
7562.5 0.8602809286788308
7565.0 0.8598095028780798
7567.5 0.859338078469929
7570.0 0.8588666526691778
7572.5 0.8581121070724607
7575.0 0.8573575600831432
7577.5 0.856603014486426
7580.0 0.8558484688897087
7582.5 0.8554372814026782
7585.0 0.8550260953082478
7587.5 0.8546149078212172
7590.0 0.8542037217267868
7592.5 0.8529078626888972
7595.0 0.8516120036510078
7597.5 0.8503161460057183
7600.0 0.8490202869678288
7602.5 0.8485599072717668
7605.0 0.848099528968305
7607.5 0.8476391492722432
7610.0 0.8471787695761812
7612.5 0.8469946065569549
7615.0 0.8468104421451285
7617.5 0.8466262777333019
7620.0 0.8464421133214755
7622.5 0.8458898456872266
7625.0 0.8453375780529775
7627.5 0.8447853118113287
7630.0 0.8442330441770798
7632.5 0.8438959082050317
7635.0 0.843558773625584
7637.5 0.843221637653536
7640.0 0.8428845016814881
7642.5 0.842307782773143
7645.0 0.8417310652573979
7647.5 0.8411543463490528
7650.0 0.8405776274407076
7652.5 0.8397884060993159
7655.0 0.8389991833653239
7657.5 0.838209962023932
7660.0 0.8374207406825404
7662.5 0.8362144439405244
7665.0 0.8350081471985082
7667.5 0.8338018504564922
7670.0 0.8325955537144761
7672.5 0.8326287379843496
7675.0 0.8326619236468232
7677.5 0.8326951079166967
7680.0 0.8327282921865701
7682.5 0.8313647096089509
7685.0 0.8300011270313319
7687.5 0.8286375444537127
7690.0 0.8272739632686938
7692.5 0.8264728714033018
7695.0 0.8256717809305101
7697.5 0.8248706904577183
7700.0 0.8240695999849263
7702.5 0.8238655882352245
7705.0 0.8236615764855224
7707.5 0.8234575661284206
7710.0 0.8232535543787187
7712.5 0.8223826974217219
7715.0 0.821511839072125
7717.5 0.8206409821151283
7720.0 0.8197701251581314
7722.5 0.8190745102235584
7725.0 0.8183788952889853
7727.5 0.8176832789618121
7730.0 0.816987664027239
7732.5 0.8168742701643529
7735.0 0.8167608763014667
7737.5 0.8166474824385805
7740.0 0.8165340885756943
7742.5 0.8157691625371777
7745.0 0.8150042351060609
7747.5 0.8142393090675442
7750.0 0.8134743816364274
7752.5 0.812668887761842
7755.0 0.8118633924946563
7757.5 0.8110578972274708
7760.0 0.8102524019602851
7762.5 0.8088591124354614
7765.0 0.8074658229106376
7767.5 0.8060725319932137
7770.0 0.80467924246839
7772.5 0.8043310381100499
7775.0 0.8039828323591096
7777.5 0.8036346266081694
7780.0 0.8032864222498295
7782.5 0.803197521439045
7785.0 0.803108622020861
7787.5 0.8030197226026767
7790.0 0.8029308217918922
7792.5 0.8012755215047479
7795.0 0.7996202212176036
7797.5 0.797964920930459
7800.0 0.7963096206433147
7802.5 0.7955255964858235
7805.0 0.7947415709357322
7807.5 0.7939575453856408
7810.0 0.7931735198355495
7812.5 0.7932611060317566
7815.0 0.7933486922279638
7817.5 0.7934362798167711
7820.0 0.7935238660129783
7822.5 0.7928838673521026
7825.0 0.792243868691227
7827.5 0.7916038700303513
7830.0 0.7909638713694755
7832.5 0.7894101111324193
7835.0 0.7878563495027631
7837.5 0.7863025892657068
7840.0 0.7847488290286506
7842.5 0.7837309148844297
7845.0 0.7827130007402087
7847.5 0.7816950865959879
7850.0 0.7806771724517668
7852.5 0.7799697566232029
7855.0 0.7792623421872393
7857.5 0.7785549263586754
7860.0 0.7778475119227116
7862.5 0.7770239950164967
7865.0 0.7762004781102816
7867.5 0.7753769612040665
7870.0 0.7745534442978516
7872.5 0.7739034955086346
7875.0 0.7732535481120179
7877.5 0.7726036007154009
7880.0 0.7719536533187842
7882.5 0.7713640291844993
7885.0 0.7707744050502144
7887.5 0.7701847809159295
7890.0 0.7695951567816446
7892.5 0.7685507247446489
7895.0 0.767506291315053
7897.5 0.7664618592780573
7900.0 0.7654174258484614
7902.5 0.7646299633611068
7905.0 0.7638425008737522
7907.5 0.7630550397789976
7910.0 0.762267577291643
7912.5 0.7617382123600814
7915.0 0.7612088488211199
7917.5 0.7606794838895585
7920.0 0.760150118957997
7922.5 0.7594573477130072
7925.0 0.7587645750754172
7927.5 0.7580718038304275
7930.0 0.7573790311928376
7932.5 0.7562334281448034
7935.0 0.7550878250967693
7937.5 0.7539422220487352
7940.0 0.752796619000701
7942.5 0.7515247071156397
7945.0 0.7502527966231785
7947.5 0.7489808861307173
7950.0 0.747708974245656
7952.5 0.7468358278539506
7955.0 0.745962680069645
7957.5 0.7450895336779396
7960.0 0.744216385893634
7962.5 0.7433234980016674
7965.0 0.7424306101097009
7967.5 0.7415377236103344
7970.0 0.7406448357183677
7972.5 0.7399381036564959
7975.0 0.7392313729872244
7977.5 0.7385246409253526
7980.0 0.7378179102560812
7982.5 0.7365503599948077
7985.0 0.7352828111261346
7987.5 0.7340152608648612
7990.0 0.732747711996188
7992.5 0.7315495299354658
7995.0 0.7303513492673439
7997.5 0.729153168599222
8000.0 0.7279549879311
8002.5 0.7267768105720748
8005.0 0.7255986346056494
8007.5 0.7244204572466241
8010.0 0.723242281280199
8012.5 0.7224687141575173
8015.0 0.7216951484274361
8017.5 0.7209215813047547
8020.0 0.7201480155746733
8022.5 0.7195207035015079
8025.0 0.7188933914283425
8027.5 0.7182660793551772
8030.0 0.7176387672820117
8032.5 0.7165026269522532
8035.0 0.7153664866224945
8037.5 0.714230346292736
8040.0 0.7130942059629775
8042.5 0.7117536166070579
8045.0 0.7104130258585383
8047.5 0.7090724365026189
8050.0 0.7077318471466993
8052.5 0.7063288358799651
8055.0 0.704925826005831
8057.5 0.7035228161316966
8060.0 0.7021198048649624
8062.5 0.7012367320191188
8065.0 0.7003536591732753
8067.5 0.6994705863274318
8070.0 0.6985875134815883
8072.5 0.6972748680410358
8075.0 0.6959622212078831
8077.5 0.6946495743747304
8080.0 0.693336928934178
8082.5 0.6924926845667687
8085.0 0.6916484388067594
8087.5 0.6908041944393501
8090.0 0.689959950071941
8092.5 0.6887479213875523
8095.0 0.6875358913105633
8097.5 0.6863238626261745
8100.0 0.6851118339417858
8102.5 0.6842212006695232
8105.0 0.6833305673972604
8107.5 0.6824399327323976
8110.0 0.6815492994601348
8112.5 0.6800238062216891
8115.0 0.6784983129832436
8117.5 0.676972819744798
8120.0 0.6754473265063523
8122.5 0.6753639278589096
8125.0 0.6752805278188668
8127.5 0.6751971291714242
8130.0 0.6751137305239815
8132.5 0.6741175492982904
8135.0 0.673121368072599
8137.5 0.6721251868469079
8140.0 0.6711290070138168
8142.5 0.6698453652573743
8145.0 0.6685617248935319
8147.5 0.6672780845296894
8150.0 0.665994444165847
8152.5 0.6641270452997105
8155.0 0.6622596464335739
8157.5 0.6603922475674373
8160.0 0.6585248500939009
8162.5 0.6573355876373812
8165.0 0.6561463265734616
8167.5 0.654957064116942
8170.0 0.6537678030530224
8172.5 0.6529192346620303
8175.0 0.6520706676636384
8177.5 0.6512220992726463
8180.0 0.6503735322742544
8182.5 0.6490591990022744
8185.0 0.6477448657302943
8187.5 0.6464305324583143
8190.0 0.6451161991863343
8192.5 0.6436451496522281
8195.0 0.642174101510722
8197.5 0.6407030519766156
8200.0 0.6392320024425092
8202.5 0.6380390941586981
8205.0 0.6368461844822867
8207.5 0.6356532761984754
8210.0 0.6344603665220642
8212.5 0.6336618022260129
8215.0 0.6328632365373614
8217.5 0.63206467084871
8220.0 0.6312661065526587
8222.5 0.6300580217120016
8225.0 0.6288499382639448
8227.5 0.6276418534232877
8230.0 0.6264337699752307
8232.5 0.6254273002193526
8235.0 0.6244208290708743
8237.5 0.6234143593149961
8240.0 0.622407889559118
8242.5 0.620812983556915
8245.0 0.619218076162112
8247.5 0.6176231687673088
8250.0 0.6160282627651059
8252.5 0.614708952340055
8255.0 0.6133896433076043
8257.5 0.6120703328825533
8260.0 0.6107510238501025
8262.5 0.6097263583801714
8265.0 0.6087016929102403
8267.5 0.6076770288329095
8270.0 0.6066523633629785
8272.5 0.6051626279195532
8275.0 0.6036728924761279
8277.5 0.6021831556401025
8280.0 0.6006934201966772
8282.5 0.5994048166057657
8285.0 0.5981162144074544
8287.5 0.5968276108165429
8290.0 0.5955390072256314
8292.5 0.5947892842033642
8295.0 0.5940395625736973
8297.5 0.5932898395514301
8300.0 0.5925401165291629
8302.5 0.5914386784034824
8305.0 0.590337240277802
8307.5 0.5892358021521216
8310.0 0.5881343626338409
8312.5 0.5869409070581559
8315.0 0.5857474514824709
8317.5 0.5845539959067859
8320.0 0.583360540331101
8322.5 0.5823046778317643
8325.0 0.5812488153324278
8327.5 0.5801929528330912
8330.0 0.5791370903337546
8332.5 0.5782602424107502
8335.0 0.5773833930951456
8337.5 0.5765065437795411
8340.0 0.5756296944639365
8342.5 0.5747024845477431
8345.0 0.5737752746315496
8347.5 0.572848063322756
8350.0 0.5719208534065625
8352.5 0.5705832191482414
8355.0 0.5692455862825205
8357.5 0.5679079520241993
8360.0 0.5665703191584784
8362.5 0.5647109597732256
8365.0 0.562851601780573
8367.5 0.5609922423953202
8370.0 0.5591328830100674
8372.5 0.5579071887400365
8375.0 0.5566814930774053
8377.5 0.5554557988073744
8380.0 0.5542301031447433
8382.5 0.5533592141579422
8385.0 0.552488323778541
8387.5 0.5516174347917399
8390.0 0.5507465458049389
8392.5 0.5496987464606892
8395.0 0.5486509471164396
8397.5 0.5476031477721899
8400.0 0.5465553484279403
8402.5 0.5450619003124145
8405.0 0.5435684521968888
8407.5 0.542075004081363
8410.0 0.5405815559658372
8412.5 0.5394656459390058
8415.0 0.5383497345195742
8417.5 0.5372338244927429
8420.0 0.5361179144659115
8422.5 0.5353278575644072
8425.0 0.5345377992703025
8427.5 0.5337477409761979
8430.0 0.5329576840746936
8432.5 0.5329013185820951
8435.0 0.5328449544820969
8437.5 0.5327885903820987
8440.0 0.5327322248895002
8442.5 0.5310794215344925
8445.0 0.5294266181794847
8447.5 0.5277738148244768
8450.0 0.5261210114694691
8452.5 0.5243901166663341
8455.0 0.5226592232557993
8457.5 0.5209283298452644
8460.0 0.5191974364347296
8462.5 0.5178436145918263
8465.0 0.5164897927489229
8467.5 0.5151359709060197
8470.0 0.5137821504557166
8472.5 0.5126270234149984
8475.0 0.5114718963742804
8477.5 0.5103167693335624
8480.0 0.5091616409002442
8482.5 0.5082689368315022
8485.0 0.5073762313701602
8487.5 0.5064835259088182
8490.0 0.5055908218400763
8492.5 0.5041127354972215
8495.0 0.5026346505469667
8497.5 0.501156565596712
8500.0 0.499678479253857
8502.5 0.4987674708482477
8505.0 0.49785646244263826
8507.5 0.4969454540370289
8510.0 0.49603444563141946
8512.5 0.4951560853446112
8515.0 0.494277725057803
8517.5 0.4933993633783946
8520.0 0.4925210030915863
8522.5 0.49103482713424085
8525.0 0.48954865256949565
8527.5 0.48806247661215024
8530.0 0.48657630204740493
8532.5 0.48572326340981026
8535.0 0.48487022616481573
8537.5 0.4840171889198211
8540.0 0.48316415167482657
8542.5 0.4825729831469336
8545.0 0.48198181601164064
8547.5 0.48139064887634775
8550.0 0.4807994817410549
8552.5 0.4798521515373491
8555.0 0.4789048199410431
8557.5 0.47795748973733737
8560.0 0.4770101595336316
8562.5 0.4763467164485954
8565.0 0.4756832733635593
8567.5 0.4750198316711234
8570.0 0.4743563885860873
8572.5 0.47283056251619676
8575.0 0.4713047378389064
8577.5 0.469778911769016
8580.0 0.46825308709172564
8582.5 0.4666891636584994
8585.0 0.46512524022527313
8587.5 0.4635613167920468
8590.0 0.4619973933588206
8592.5 0.46165672853789697
8595.0 0.4613160637169733
8597.5 0.4609753975034494
8600.0 0.46063473268252575
8602.5 0.4593676586905166
8605.0 0.45810058469850734
8607.5 0.4568335107064982
8610.0 0.45556643532188884
8612.5 0.45530283838795443
8615.0 0.45503924145401997
8617.5 0.4547756445200855
8620.0 0.45451204758615105
8622.5 0.45372745106998275
8625.0 0.45294285455381444
8627.5 0.45215825803764614
8630.0 0.451373662914078
8632.5 0.45008801581336505
8635.0 0.44880237010525226
8637.5 0.4475167230045394
8640.0 0.4462310772964266
8642.5 0.44469645277854997
8645.0 0.4431618282606734
8647.5 0.44162720235019665
8650.0 0.44009257783232
8652.5 0.43975280009771595
8655.0 0.43941302236311186
8657.5 0.4390732432359076
8660.0 0.43873346550130354
8662.5 0.43734348061672523
8665.0 0.435953495732147
8667.5 0.4345635108475686
8670.0 0.4331735273555905
8672.5 0.43103002461323353
8675.0 0.42888652187087645
8677.5 0.4267430191285194
8680.0 0.42459951777876254
8682.5 0.4247452519958084
8685.0 0.4248909876054544
8687.5 0.4250367232151005
8690.0 0.42518245882474653
8692.5 0.42466775797316175
8695.0 0.424153057121577
8697.5 0.42363835487739204
8700.0 0.42312365402580726
8702.5 0.4217629095673708
8705.0 0.42040216510893424
8707.5 0.41904142065049776
8710.0 0.41768067619206123
8712.5 0.4166940885890633
8715.0 0.4157075023786656
8717.5 0.41472091477566764
8720.0 0.4137343271726697
8722.5 0.4139464981668716
8725.0 0.4141586677684733
8727.5 0.4143708373700751
8730.0 0.4145830069716769
8732.5 0.41375554482912996
8735.0 0.41292808268658304
8737.5 0.41210062054403623
8740.0 0.41127315840148937
8742.5 0.4100462163616902
8745.0 0.4088192743218911
8747.5 0.4075923322820919
8750.0 0.4063653902422928
8752.5 0.40568085901261386
8755.0 0.40499632778293493
8757.5 0.40431179516065585
8760.0 0.4036272639309769
8762.5 0.40256641453036807
8765.0 0.4015055651297592
8767.5 0.40044471572915036
8770.0 0.3993838663285415
8772.5 0.3983380723285621
8775.0 0.3972922783285828
8777.5 0.39624648432860354
8780.0 0.39520069032862426
8782.5 0.3938339298373767
8785.0 0.392467167953529
8787.5 0.39110040746228153
8790.0 0.3897336455784338
8792.5 0.3887624949485169
8795.0 0.38779134571120016
8797.5 0.38682019508128324
8800.0 0.38584904584396645
8802.5 0.3854726079094204
8805.0 0.3850961699748743
8807.5 0.38471973204032817
8810.0 0.38434329549838225
8812.5 0.38383303704139643
8815.0 0.38332277997701064
8817.5 0.3828125215200248
8820.0 0.38230226445563903
8822.5 0.38124047087210294
8825.0 0.38017867728856675
8827.5 0.37911688370503066
8830.0 0.37805509012149446
8832.5 0.3768819567603491
8835.0 0.37570882339920364
8837.5 0.3745356900380582
8840.0 0.37336255667691276
8842.5 0.3724622225517424
8845.0 0.3715618898191721
8847.5 0.37066155569400167
8850.0 0.3697612229614314
8852.5 0.36893052302344803
8855.0 0.36809982447806494
8857.5 0.3672691245400816
8860.0 0.36643842599469845
8862.5 0.36585896087878306
8865.0 0.3652794971554679
8867.5 0.36470003203955254
8870.0 0.36412056692363715
8872.5 0.36380492852068713
8875.0 0.3634892901177372
8877.5 0.36317365171478727
8880.0 0.3628580133118373
8882.5 0.3618489324306071
8885.0 0.3608398529419772
8887.5 0.3598307720607471
8890.0 0.3588216911795169
8892.5 0.35778745436849557
8895.0 0.35675321895007445
8897.5 0.3557189821390531
8900.0 0.3546847453280318
8902.5 0.3536309619807755
8905.0 0.3525771772409189
8907.5 0.3515233938936626
8910.0 0.35046960915380615
8912.5 0.34925941034606406
8915.0 0.348049211538322
8917.5 0.34683901273057993
8920.0 0.3456288139228379
8922.5 0.3446393032520459
8925.0 0.34364979258125394
8927.5 0.34266028051786174
8930.0 0.3416707698470698
8932.5 0.3413089277550913
8935.0 0.34094708566311277
8937.5 0.3405852449637345
8940.0 0.34022340287175606
8942.5 0.3391487653366885
8945.0 0.3380741278016208
8947.5 0.33699949026655324
8950.0 0.33592485273148565
8952.5 0.33512252841492757
8955.0 0.33432020270576923
8957.5 0.3335178783892111
8960.0 0.33271555268005276
8962.5 0.3321682037096669
8965.0 0.33162085473928093
8967.5 0.3310735071614952
8970.0 0.33052615819110925
8972.5 0.3294251698752894
8975.0 0.32832418155946963
8977.5 0.32722319463624994
8980.0 0.3261222063204301
8982.5 0.3249139028415436
8985.0 0.323705599362657
8987.5 0.3224972972763706
8990.0 0.3212889937974841
8992.5 0.3205831432515312
8995.0 0.3198772913129781
8997.5 0.31917144076702525
9000.0 0.31846559022107235
9002.5 0.31777557353925395
9005.0 0.31708555546483536
9007.5 0.316395538783017
9010.0 0.31570552210119857
9012.5 0.3148100202986796
9015.0 0.3139145184961606
9017.5 0.3130190166936415
9020.0 0.31212351628372276
9022.5 0.31111816200059494
9025.0 0.31011280911006733
9027.5 0.3091074548269395
9030.0 0.3081021019364119
9032.5 0.30734354008075326
9035.0 0.30658497961769476
9037.5 0.30582641776203606
9040.0 0.30506785590637736
9042.5 0.3042093861280505
9045.0 0.3033509163497236
9047.5 0.30249244796399694
9050.0 0.30163397818567006
9052.5 0.3009387295049464
9055.0 0.30024348221682284
9057.5 0.29954823492869936
9060.0 0.29885298764057583
9062.5 0.2978207895962294
9065.0 0.29678859015928266
9067.5 0.2957563921149362
9070.0 0.2947241926779895
9072.5 0.293891281290908
9075.0 0.2930583685112264
9077.5 0.29222545712414494
9080.0 0.2913925457370635
9082.5 0.29083771154066856
9085.0 0.29028287873687375
9087.5 0.28972804593307894
9090.0 0.2891732131292842
9092.5 0.28814671360490585
9095.0 0.28712021547312777
9097.5 0.28609371594874944
9100.0 0.28506721642437116
9102.5 0.28383113196433957
9105.0 0.282595047504308
9107.5 0.2813589630442764
9110.0 0.280122879976845
9112.5 0.2790406889783591
9115.0 0.27795849937247347
9117.5 0.27687630837398763
9120.0 0.27579411876810195
9122.5 0.27498526872706414
9125.0 0.2741764172934261
9127.5 0.27336756725238825
9130.0 0.27255871581875024
9132.5 0.27201488873423907
9135.0 0.27147106025712775
9137.5 0.2709272317800164
9140.0 0.27038340330290506
9142.5 0.2696677265700275
9145.0 0.26895204983715004
9147.5 0.2682363731042725
9150.0 0.267520696371395
9152.5 0.26671195077537124
9155.0 0.26590320657194766
9157.5 0.2650944623685241
9160.0 0.2642857181651005
9162.5 0.2634976610374657
9165.0 0.26270960251723063
9167.5 0.26192154538959583
9170.0 0.261133488261961
9172.5 0.2600222810459636
9175.0 0.2589110738299662
9177.5 0.257799868006569
9180.0 0.25668866079057157
9182.5 0.2556724887891855
9185.0 0.25465631539519923
9187.5 0.25364014339381313
9190.0 0.2526239699998269
9192.5 0.25201913310109125
9195.0 0.2514142962023556
9197.5 0.25080945930362
9200.0 0.25020462240488434
9202.5 0.249536638050636
9205.0 0.24886865508898792
9207.5 0.24820067073473961
9210.0 0.24753268777309148
9212.5 0.24661737344770165
9215.0 0.24570205912231177
9217.5 0.24478674479692192
9220.0 0.24387143047153204
9222.5 0.24307924149914023
9225.0 0.24228705113414822
9227.5 0.24149486216175636
9230.0 0.24070267318936453
9232.5 0.23990457541437618
9235.0 0.23910647763938783
9237.5 0.23830837986439946
9240.0 0.23751028208941105
9242.5 0.2366372944541271
9245.0 0.23576430542624294
9247.5 0.23489131779095898
9250.0 0.234018330155675
9252.5 0.2331257444579491
9255.0 0.23223315876022319
9257.5 0.23134057306249728
9260.0 0.23044798736477137
9262.5 0.22981911140159514
9265.0 0.22919023543841888
9267.5 0.22856135808264244
9270.0 0.22793248211946618
9272.5 0.22732293962469616
9275.0 0.2267133971299262
9277.5 0.2261038546351562
9280.0 0.22549431214038623
9282.5 0.22496320645858997
9285.0 0.22443210077679376
9287.5 0.22390099648759773
9290.0 0.22336989080580147
9292.5 0.22284116647032626
9295.0 0.22231244352745125
9297.5 0.22178371919197604
9300.0 0.221254996249101
9302.5 0.22036326978569093
9305.0 0.21947154332228086
9307.5 0.2185798168588708
9310.0 0.2176880903954607
9312.5 0.21699491668901674
9315.0 0.21630174298257274
9317.5 0.2156085692761288
9320.0 0.2149153955696848
9322.5 0.21427083196539376
9325.0 0.21362626836110274
9327.5 0.21298170614941186
9330.0 0.21233714254512084
9332.5 0.21166243471716617
9335.0 0.2109877268892115
9337.5 0.21031302045385702
9340.0 0.20963831262590235
9342.5 0.20894525450527396
9345.0 0.20825219777724574
9347.5 0.20755913965661738
9350.0 0.20686608153598898
9352.5 0.2063220887320555
9355.0 0.20577809453552182
9357.5 0.20523410033898812
9360.0 0.20469010614245445
9362.5 0.2040949506002239
9365.0 0.2034997936653932
9367.5 0.20290463812316265
9370.0 0.2023094811883319
9372.5 0.20151206718003573
9375.0 0.20071465317173953
9377.5 0.19991723916344334
9380.0 0.19911982515514715
9382.5 0.19841443973765696
9385.0 0.19770905432016675
9387.5 0.1970036689026766
9390.0 0.19629828348518638
9392.5 0.1956076526666852
9395.0 0.19491702184818402
9397.5 0.19422639242228307
9400.0 0.1935357616037819
9402.5 0.19302713109641545
9405.0 0.19251849919644878
9407.5 0.19200986868908235
9410.0 0.19150123818171588
9412.5 0.19095414962756507
9415.0 0.19040706107341426
9417.5 0.18985997251926343
9420.0 0.18931288396511262
9422.5 0.18859318401029276
9425.0 0.1878734826628727
9427.5 0.1871537827080528
9430.0 0.18643408136063278
9432.5 0.1858819376678005
9435.0 0.1853297939749682
9437.5 0.18477765167473612
9440.0 0.18422550798190382
9442.5 0.18352490753865866
9445.0 0.18282430709541353
9447.5 0.18212370804476857
9450.0 0.18142310760152344
9452.5 0.1806489583719635
9455.0 0.17987480914240353
9457.5 0.17910065991284355
9460.0 0.1783265106832836
9462.5 0.17766580684281674
9465.0 0.17700510300234992
9467.5 0.17634439916188308
9470.0 0.1756836953214162
9472.5 0.17511182544692475
9475.0 0.1745399569650334
9477.5 0.17396808848314213
9480.0 0.17339621860865065
9482.5 0.17272666061619021
9485.0 0.17205710123112958
9487.5 0.17138754323866914
9490.0 0.17071798385360853
9492.5 0.17010220947299845
9495.0 0.16948643369978816
9497.5 0.1688706579265779
9500.0 0.16825488354596782
9502.5 0.16762431975136405
9505.0 0.16699375734936045
9507.5 0.16636319494735685
9510.0 0.16573263254535325
9512.5 0.1652240062157874
9515.0 0.16471537988622148
9517.5 0.16420675216405542
9520.0 0.16369812583448956
9522.5 0.16300739474877485
9525.0 0.16231666366306016
9527.5 0.16162593257734545
9530.0 0.16093520149163076
9532.5 0.1603065316332823
9535.0 0.15967786177493382
9537.5 0.15904919191658534
9540.0 0.15842052205823687
9542.5 0.15763560245882502
9545.0 0.15685068285941314
9547.5 0.15606576326000127
9550.0 0.1552808436605894
9552.5 0.15428107788201498
9555.0 0.15328131210344054
9557.5 0.1522815477174663
9560.0 0.15128178193889188
9562.5 0.15072727918134157
9565.0 0.15017277503119109
9567.5 0.14961827088104063
9570.0 0.14906376812349031
9572.5 0.14852847767812996
9575.0 0.14799318862536978
9577.5 0.1474578995726096
9580.0 0.14692261051984942
9582.5 0.1462518158984223
9585.0 0.14558102127699515
9587.5 0.1449102280481682
9590.0 0.14423943342674106
9592.5 0.14349764265514323
9595.0 0.1427558504909452
9597.5 0.14201405971934733
9600.0 0.14127226894774947
9602.5 0.14049766851572867
9605.0 0.1397230694763081
9607.5 0.1389484697405874
9610.0 0.13817387014412671
9612.5 0.13737680345031736
9615.0 0.13657973661724795
9617.5 0.1357826699234386
9620.0 0.13498560322962921
9622.5 0.1342640506987796
9625.0 0.13354249830719
9627.5 0.1328209457763404
9630.0 0.13209939338475082
9632.5 0.13141793269922583
9635.0 0.13073647201370084
9637.5 0.13005501118891583
9640.0 0.12937355050339086
9642.5 0.1287732937274126
9645.0 0.12817303695143442
9647.5 0.1275727801754562
9650.0 0.126972523538738
9652.5 0.1263941025944434
9655.0 0.1258156817894088
9657.5 0.12523726084511416
9660.0 0.12465884004007957
9662.5 0.12404227661220314
9665.0 0.12342571318432669
9667.5 0.12280914975645023
9670.0 0.1221925863285738
9672.5 0.12146655394218027
9675.0 0.12074052155578674
9677.5 0.12001448916939322
9680.0 0.11928845664373969
9682.5 0.11853928425558675
9685.0 0.11779011186743381
9687.5 0.11704093947928089
9690.0 0.11629176709112796
9692.5 0.11560765823708598
9695.0 0.11492354938304399
9697.5 0.114239440529002
9700.0 0.11355533167496004
9702.5 0.11284026141946427
9705.0 0.1121251910247085
9707.5 0.11141012076921274
9710.0 0.11069505037445695
9712.5 0.11006130212100389
9715.0 0.1094275537282908
9717.5 0.10879380547483773
9720.0 0.10816005722138466
9722.5 0.10762193631614274
9725.0 0.10708381555016085
9727.5 0.1065456946449189
9730.0 0.106007573878937
9732.5 0.10554462762072907
9735.0 0.10508168136252113
9737.5 0.10461873496505317
9740.0 0.10415578870684525
9742.5 0.10365045142040274
9745.0 0.10314511413396024
9747.5 0.10263977684751775
9750.0 0.10213443956107526
9752.5 0.10151859541119576
9755.0 0.10090275126131627
9757.5 0.1002869071114368
9760.0 0.09967106296155731
9762.5 0.09903313830014124
9765.0 0.09839521363872517
9767.5 0.09775728897730909
9770.0 0.097119364315893
9772.5 0.09649865678837793
9775.0 0.09587794926086282
9777.5 0.09525724187260776
9780.0 0.09463653434509264
9782.5 0.09406675058568237
9785.0 0.09349696682627211
9787.5 0.09292718306686183
9790.0 0.09235739916819154
9792.5 0.09181363920700945
9795.0 0.09126987910656732
9797.5 0.09072611914538521
9800.0 0.0901823590449431
9802.5 0.08971994921632748
9805.0 0.08925753938771186
9807.5 0.08879512955909624
9810.0 0.08833271959122059
9812.5 0.08789031919914235
9815.0 0.08744791866780413
9817.5 0.08700551813646587
9820.0 0.08656311760512762
9822.5 0.08609344132799245
9825.0 0.08562376505085727
9827.5 0.08515408877372209
9830.0 0.08468441249658691
9832.5 0.0842245887265199
9835.0 0.0837647649564529
9837.5 0.0833049411863859
9840.0 0.08284511741631889
9842.5 0.08240022468768468
9845.0 0.08195533181979046
9847.5 0.08151043909115624
9850.0 0.08106554636252204
9852.5 0.08052198331500648
9855.0 0.07997842012823089
9857.5 0.07943485708071533
9860.0 0.07889129389393977
9862.5 0.07842365109159871
9865.0 0.07795600828925765
9867.5 0.0774883654869166
9870.0 0.07702072268457553
9872.5 0.07654586649178208
9875.0 0.0760710102989886
9877.5 0.07559615410619515
9880.0 0.07512129805266171
9882.5 0.0747477196833411
9885.0 0.07437414145328052
9887.5 0.07400056322321992
9890.0 0.07362698499315934
9892.5 0.07325929843671299
9895.0 0.07289161188026662
9897.5 0.07252392532382028
9900.0 0.07215623876737391
9902.5 0.071754736396869
9905.0 0.07135323416562409
9907.5 0.07095173179511916
9910.0 0.07055022942461422
9912.5 0.07015908994914627
9915.0 0.06976795047367833
9917.5 0.06937681099821039
9920.0 0.06898567152274243
9922.5 0.06854590662651948
9925.0 0.06810614186955656
9927.5 0.06766637711259363
9930.0 0.06722661221637069
9932.5 0.06677337182443116
9935.0 0.06632013157175165
9937.5 0.06586689117981213
9940.0 0.0654136507878726
9942.5 0.06498800755385334
9945.0 0.06456236445909411
9947.5 0.06413672136433486
9950.0 0.06371107826957562
9952.5 0.06328107550066867
9955.0 0.06285107287102172
9957.5 0.06242107010211477
9960.0 0.06199106733320781
9962.5 0.061629979891271065
9965.0 0.06126889244933432
9967.5 0.06090780500739756
9970.0 0.06054671756546081
9972.5 0.06024798881029038
9975.0 0.059949260055119954
9977.5 0.05965053129994952
9980.0 0.05935180254477909
9982.5 0.059068866850557664
9985.0 0.058785931156336235
9987.5 0.0585029954621148
9990.0 0.05822005976789337
9992.5 0.057873801289795655
9995.0 0.05752754281169793
9997.5 0.057181284333600216
10000.0 0.05683502571624247
10002.5 0.056453547543836934
10005.0 0.05607206937143138
10007.5 0.055690591059765815
10010.0 0.055309112887360276
10012.5 0.054938237833524084
10015.0 0.054567362640427886
10017.5 0.05419648758659171
10020.0 0.05382561253275552
10022.5 0.0534624253282557
10025.0 0.05309923812375589
10027.5 0.05273605091925608
10030.0 0.05237286371475627
10032.5 0.05201171973325189
10035.0 0.051650575612487495
10037.5 0.051289431491723096
10040.0 0.050928287510218724
10042.5 0.05061719942838218
10045.0 0.05030611134654564
10047.5 0.0499950232647091
10050.0 0.04968393518287256
10052.5 0.0493824570171515
10055.0 0.04908097885143044
10057.5 0.048779500685709375
10060.0 0.0484780225199883
10062.5 0.048194846462974464
10065.0 0.04791167054522066
10067.5 0.04762849448820682
10070.0 0.04734531843119299
10072.5 0.04705571148577224
10075.0 0.04676610454035148
10077.5 0.046476497734190755
10080.0 0.046186890788769995
10082.5 0.045884914072181725
10085.0 0.04558293749485347
10087.5 0.04528096091752522
10090.0 0.04497898420093695
10092.5 0.044626564859608704
10095.0 0.04427414537902044
10097.5 0.04392172603769219
10100.0 0.043569306696363955
10102.5 0.04323264574024004
10105.0 0.042895984784116124
10107.5 0.042559323688732185
10110.0 0.04222266273260827
10112.5 0.04189574956001842
10115.0 0.04156883638742855
10117.5 0.0412419232148387
10120.0 0.040915010042248845
10122.5 0.040611992078500206
10125.0 0.04030897411475157
10127.5 0.04000595615100292
10130.0 0.03970293818725428
10132.5 0.039410132160682274
10135.0 0.039117326273370286
10137.5 0.03882452024679828
10140.0 0.03853171422022626
10142.5 0.03826555086340585
10145.0 0.03799938736732541
10147.5 0.037733224010504995
10150.0 0.037467060653684575
10152.5 0.03722041584183537
10155.0 0.036973771169246196
10157.5 0.03672712649665701
10160.0 0.03648048182406783
10162.5 0.03621666778376412
10165.0 0.0359528537434604
10167.5 0.035689039703156684
10170.0 0.03542522566285297
10172.5 0.03509388792094665
10175.0 0.03476255017904034
10177.5 0.034431212437134026
10180.0 0.034099874695227704
10182.5 0.03380976042555856
10185.0 0.03351964615588942
10187.5 0.03322953202548029
10190.0 0.03293941775581115
10192.5 0.032615843899211454
10195.0 0.03229227004261175
10197.5 0.03196869604675204
10200.0 0.031645122190152336
10202.5 0.031357969145522385
10205.0 0.031070815961632418
10207.5 0.030783662917002463
10210.0 0.03049650987237251
10212.5 0.030225761657954025
10215.0 0.029955013582795557
10217.5 0.029684265507637093
10220.0 0.02941351743247863
10222.5 0.029152646931191722
10225.0 0.028891776290644794
10227.5 0.028630905650097863
10230.0 0.02837003514881096
10232.5 0.02811467210274649
10235.0 0.027859309195942032
10237.5 0.027603946289137583
10240.0 0.027348583243073113
10242.5 0.027110965822680858
10245.0 0.026873348402288603
10247.5 0.02663573098189635
10250.0 0.026398113422244074
10252.5 0.026129974383537324
10255.0 0.025861835205570557
10257.5 0.025593696166863807
10260.0 0.025325556988897033
10262.5 0.02502740866948485
10265.0 0.024729260350072668
10267.5 0.024431112169920506
10270.0 0.024132963850508324
10272.5 0.023838480297750174
10275.0 0.023543996744992024
10277.5 0.023249513192233874
10280.0 0.022955029639475724
10282.5 0.022674871068548666
10285.0 0.02239471249762161
10287.5 0.022114554065954573
10290.0 0.02183439549502752
10292.5 0.021548719999196747
10295.0 0.021263044503365976
10297.5 0.020977369007535204
10300.0 0.020691693511704436
10302.5 0.020434863500602207
10305.0 0.02017803348949998
10307.5 0.019921203478397757
10310.0 0.019664373467295528
10312.5 0.01940543909804962
10315.0 0.019146504868063734
10317.5 0.018887570638077847
10320.0 0.01862863626883194
10322.5 0.018381804848557583
10325.0 0.018134973289023207
10327.5 0.01788814186874885
10330.0 0.017641310309214477
10332.5 0.017387370222021827
10335.0 0.01713343013482918
10337.5 0.016879490047636534
10340.0 0.016625549960443887
10342.5 0.016373468158941747
10345.0 0.01612138635743961
10347.5 0.01586930455593747
10350.0 0.015617222754435328
10352.5 0.015372109802792635
10355.0 0.015126996711889917
10357.5 0.014881883620987201
10360.0 0.014636770530084487
10362.5 0.0143821424983991
10365.0 0.014127514466713715
10367.5 0.013872886309694311
10370.0 0.013618258208378916
10372.5 0.013370570352915107
10375.0 0.0131228825113773
10377.5 0.01287519465591349
10380.0 0.012627506814375683
10382.5 0.012384083003204694
10385.0 0.012140659192033703
10387.5 0.011897235380862714
10390.0 0.01165381155576572
10392.5 0.011425039681097898
10395.0 0.011196267792504076
10397.5 0.010967495917836256
10400.0 0.010738724043168432
10402.5 0.010516674597756836
10405.0 0.010294625152345237
10407.5 0.01007257569300764
10410.0 0.009850526247596041
10412.5 0.009631158880516003
10415.0 0.009411791499509964
10417.5 0.009192424132429928
10420.0 0.008973056751423888
10422.5 0.0087668664597662
10425.0 0.008560676168108511
10427.5 0.008354485876450823
10430.0 0.008148295584793134
10432.5 0.00793907378356478
10435.0 0.007729851982336426
10437.5 0.0075206301811080725
10440.0 0.007311408379879717
10442.5 0.0071059699530633845
10445.0 0.006900531526247052
10447.5 0.0066950931133567225
10450.0 0.00648965468654039
10452.5 0.0062822314563064936
10455.0 0.006074808239998599
10457.5 0.005867385023690706
10460.0 0.00565996179345681
10462.5 0.005458659793052092
10465.0 0.005257357792647375
10467.5 0.005056055792242657
10470.0 0.004854753791837939
10472.5 0.004674340501803146
10475.0 0.00449392719784235
10477.5 0.004313513907807555
10480.0 0.0041331006177727616
10482.5 0.003963753068089696
10485.0 0.003794405532332632
10487.5 0.003625057982649566
10490.0 0.0034557104329665
10492.5 0.003293461634888389
10495.0 0.003131212822884276
10497.5 0.002968964024806164
10500.0 0.0028067152128020507
10502.5 0.0
