# Gaia DR2 passbands and zero points used for the magnitudes published in Gaia DR2.
# https://www.cosmos.esa.int/web/gaia/iow_20180316
# Zeropoints:
#
# G               eG            BP              eBP           RP              eRP          system
# 25.6883657251   0.0017850023  25.3513881707   0.0013918258  24.7619199882   0.0019145719 VEGAMAG 
# 25.7933969562   0.0017848281  25.3805596387   0.0013917453  25.1161276701   0.0019146451      AB
# 
# Published magnitudes are VEGAMAG, so:
# 
# G_AB - G_Vega   = 0.105 +/- 0.003
# BP_AB - BP_Vega = 0.029 +/- 0.002
# RP_AB - RP_Vega = 0.354 +/- 0.003
#
Angstrom Fraction
6097.5 0.0
6100.0 1.174746891475034e-05
6102.5 1.2056584453308429e-05
6105.0 1.2425548224934933e-05
6107.5 1.286535980369153e-05
6110.0 1.3388911229207065e-05
6112.5 1.4005949865105117e-05
6115.0 1.4738880905327273e-05
6117.5 1.5608105124159784e-05
6120.0 1.6637367202627412e-05
6122.5 1.7859143787834673e-05
6125.0 1.9301345067920886e-05
6127.5 2.1001254244629166e-05
6130.0 2.3001995262965567e-05
6132.5 2.5351010507278317e-05
6135.0 2.810754983924044e-05
6137.5 3.1337550707603436e-05
6140.0 3.511676561791197e-05
6142.5 3.953642832247667e-05
6145.0 4.469280099883603e-05
6147.5 5.0699878718177944e-05
6150.0 5.768776413007384e-05
6152.5 6.57989230566867e-05
6155.0 7.520608797773576e-05
6157.5 8.610032501516985e-05
6160.0 9.869819639122664e-05
6162.5 0.00011323173448138022
6165.0 0.00012998688406351474
6167.5 0.00014927487546514192
6170.0 0.00017144598914308195
6172.5 0.00019685854723102374
6175.0 0.0002259787337968404
6177.5 0.0002592984619728124
6180.0 0.00029736736520421863
6182.5 0.000340931837661279
6185.0 0.00039057980584179445
6187.5 0.00044707782697178265
6190.0 0.0005112767475933264
6192.5 0.000584119692037781
6195.0 0.0006666489132462145
6197.5 0.0007600153343367401
6200.0 0.0008654871392978938
6202.5 0.000984339051640632
6205.0 0.0011181897633408642
6207.5 0.0012687109877853753
6210.0 0.001437730723551246
6212.5 0.0016276197767442363
6215.0 0.0018402733636740383
6217.5 0.002078071374688652
6220.0 0.0023435970400031867
6222.5 0.0026383145017482234
6225.0 0.0029662515374740393
6227.5 0.0033306171430169543
6230.0 0.003734863896424524
6232.5 0.004182545813619334
6235.0 0.004677751641284005
6237.5 0.00522472249233237
6240.0 0.0058279829419959316
6242.5 0.006494606100141904
6245.0 0.007227959588758018
6247.5 0.00803354003661519
6250.0 0.008917163135975643
6252.5 0.00988446907493751
6255.0 0.010942315499857974
6257.5 0.012097480183682088
6260.0 0.013357066007687771
6262.5 0.014729953444090536
6265.0 0.016222721974656212
6267.5 0.01784345912196211
6270.0 0.01960055476386306
6272.5 0.021498782514007112
6275.0 0.02355025548777574
6277.5 0.025764092226790734
6280.0 0.02814963812403151
6282.5 0.030720732810301868
6285.0 0.03348357247460474
6287.5 0.03644810280570269
6290.0 0.03962438178604427
6292.5 0.043013286710051425
6295.0 0.04663268461252061
6297.5 0.05049257823465163
6300.0 0.054602905567656
6302.5 0.05898753535896963
6305.0 0.06364428818284991
6307.5 0.06858279922243368
6310.0 0.07381243537856362
6312.5 0.07935208689433036
6315.0 0.08520199997816838
6317.5 0.09137049647516515
6320.0 0.09786539234282464
6322.5 0.10465731055673407
6325.0 0.11178450851164236
6327.5 0.11925255402734779
6330.0 0.12706625433768465
6332.5 0.1352415867286649
6335.0 0.1437711932470725
6337.5 0.1526573593863756
6340.0 0.1619014005222107
6342.5 0.17148251628683228
6345.0 0.18141858877054104
6347.5 0.1917076222700263
6350.0 0.20234649248515316
6352.5 0.21340276127434465
6355.0 0.22480675787658677
6357.5 0.23655217822396243
6360.0 0.2486315149402057
6362.5 0.2609800338849141
6365.0 0.27363842340737976
6367.5 0.2865953964073693
6370.0 0.29983850322804106
6372.5 0.31341193120843963
6375.0 0.32724831545688976
6377.5 0.341332075224458
6380.0 0.3556466200246314
6382.5 0.37002264674988566
6385.0 0.3845815106886105
6387.5 0.3993037517525385
6390.0 0.4141691955659439
6392.5 0.4292249907610426
6395.0 0.444386621623209
6397.5 0.4596323165348729
6400.0 0.47493992918884675
6402.5 0.49031308422608405
6405.0 0.5057047484776347
6407.5 0.5210922243558161
6410.0 0.5364528267248667
6412.5 0.5518666293596554
6415.0 0.5672142602231823
6417.5 0.5824736069680442
6420.0 0.5976229432563828
6422.5 0.612584656265682
6425.0 0.6273917300022205
6427.5 0.6420241904529983
6430.0 0.6564628005323304
6432.5 0.6705972950853131
6435.0 0.6844981916035763
6437.5 0.6981490071399234
6440.0 0.7115342696167303
6442.5 0.7245602319180668
6445.0 0.737290135085829
6447.5 0.7497119143407281
6450.0 0.7618146731200474
6452.5 0.7737306270511236
6455.0 0.785313553227682
6457.5 0.7965559623853417
6460.0 0.8074515663040848
6462.5 0.8182525514724399
6465.0 0.8287040349950232
6467.5 0.8388029084195986
6470.0 0.848547186230791
6472.5 0.857590712953552
6475.0 0.8662719816036499
6477.5 0.8745926165907562
6480.0 0.88255520678241
6482.5 0.8900164916975012
6485.0 0.8971252378301313
6487.5 0.9038867961102776
6490.0 0.9103072566592173
6492.5 0.9167354815467893
6495.0 0.9228411450852954
6497.5 0.9286318486064041
6500.0 0.9341156983105742
6502.5 0.9392248878289371
6505.0 0.9440439690998884
6507.5 0.9485822799320555
6510.0 0.9528494252843677
6512.5 0.9567902838993008
6515.0 0.9604792797756468
6517.5 0.9639265363250383
6520.0 0.9671422301627693
6522.5 0.9701948762852027
6525.0 0.9730366015847289
6527.5 0.9756774343855852
6530.0 0.978127285284757
6532.5 0.9802748839177321
6535.0 0.9822503800249827
6537.5 0.9840632121624956
6540.0 0.9857225834317551
6542.5 0.9871676129958583
6545.0 0.988476609852895
6547.5 0.9896579790494237
6550.0 0.9907198177299602
6552.5 0.9918573878609753
6555.0 0.9928909935090253
6557.5 0.9938277118931114
6560.0 0.9946742953503
6562.5 0.9952930844998679
6565.0 0.9958341204598119
6567.5 0.9963032137491873
6570.0 0.9967058556650789
6572.5 0.9973333407833552
6575.0 0.997904557935399
6577.5 0.9984240316964414
6580.0 0.9988959991155423
6582.5 0.9989760276106991
6585.0 0.999016166943482
6587.5 0.9990198968597663
6590.0 0.9989904480670099
6592.5 0.9992815400161669
6595.0 0.9995451754798997
6597.5 0.9997838844621223
6600.0 1.0
6602.5 0.9999084127263371
6605.0 0.9997984328336197
6607.5 0.9996718816982667
6610.0 0.9995304210857123
6612.5 0.9994643455338389
6615.0 0.9993862255785472
6617.5 0.9992973132038766
6620.0 0.9991987483265793
6622.5 0.9988891381071665
6625.0 0.9985719356120275
6627.5 0.9982479875717786
6630.0 0.9979180535535902
6632.5 0.9978565886084012
6635.0 0.9977902911859384
6637.5 0.9977197091707185
6640.0 0.997645330451639
6642.5 0.997590787642437
6645.0 0.997533260900208
6647.5 0.9974730988787347
6650.0 0.9974106083480667
6652.5 0.9974159422981521
6655.0 0.9974194220440269
6657.5 0.9974212615323309
6660.0 0.9974216475418765
6662.5 0.9973488196529363
6665.0 0.9972748937309778
6667.5 0.9971999965591947
6670.0 0.9971242402048746
6672.5 0.9968823582468267
6675.0 0.9966399001044425
6677.5 0.9963969416212396
6680.0 0.9961535461888149
6682.5 0.9958249015104286
6685.0 0.9954959772298199
6687.5 0.9951668163627155
6690.0 0.9948374573968707
6692.5 0.9945064581734551
6695.0 0.9941753208469176
6697.5 0.9938440669251215
6700.0 0.99351271791593
6702.5 0.9934959700824173
6705.0 0.9934789686825168
6707.5 0.9934617261681495
6710.0 0.9934442549912361
6712.5 0.9930363334609138
6715.0 0.9926284357024403
6717.5 0.9922205673757798
6720.0 0.9918127352728888
6722.5 0.9919725783165626
6725.0 0.9921321225141365
6727.5 0.9922913701295963
6730.0 0.9924503245589202
6732.5 0.9922135920361309
6735.0 0.991976810837651
6737.5 0.9917399832274664
6740.0 0.9915031092055768
6742.5 0.9912243299421323
6745.0 0.990945532566803
6747.5 0.9906667182115816
6750.0 0.9903878868764682
6752.5 0.9900141934125143
6755.0 0.9896405407003015
6757.5 0.9892669310038149
6760.0 0.9888933643230551
6762.5 0.9886795467305663
6765.0 0.9884656759344159
6767.5 0.988251749670618
6770.0 0.9880377713351514
6772.5 0.9879251154114488
6775.0 0.9878123451564733
6777.5 0.9876994605702246
6780.0 0.9875864593887174
6782.5 0.9874796909595804
6785.0 0.9873728036711993
6787.5 0.9872657963915812
6790.0 0.9871586713847116
6792.5 0.9868831103768044
6795.0 0.9866075323890054
6797.5 0.9863319385533071
6800.0 0.9860563288697095
6802.5 0.9857937257834123
6805.0 0.9855310989252664
6807.5 0.9852684471632789
6810.0 0.9850057727614351
6812.5 0.9846948913141051
6815.0 0.9843840166587321
6817.5 0.9840731465313302
6820.0 0.9837622820638923
6822.5 0.983534776414436
6825.0 0.9833072243532748
6827.5 0.9830796281443942
6830.0 0.9828519855238088
6832.5 0.9826278294410552
6835.0 0.9824036246826109
6837.5 0.9821793735124617
6840.0 0.9819550747986148
6842.5 0.9817880786924221
6845.0 0.9816209999507549
6847.5 0.981453838573613
6850.0 0.9812865945609967
6852.5 0.981084743264423
6855.0 0.9808828308402379
6857.5 0.9806808572884415
6860.0 0.9804788214770409
6862.5 0.9802533183228521
6865.0 0.9800277687569585
6867.5 0.9798021705153744
6870.0 0.9795765258620854
6872.5 0.9793477082329711
6875.0 0.9791188453241446
6877.5 0.9788899360036133
6880.0 0.9786609825353626
6882.5 0.9786274653604741
6885.0 0.9785937829146363
6887.5 0.9785599340658566
6890.0 0.978525918814135
6892.5 0.9781214883496155
6895.0 0.9777171201447001
6897.5 0.9773128153313817
6900.0 0.9769085739096603
6902.5 0.976816427431553
6905.0 0.9767241496422806
6907.5 0.9766317428058289
6910.0 0.976539204658212
6912.5 0.9766335109785863
6915.0 0.9767275716565226
6917.5 0.9768213855600278
6920.0 0.9769149538210951
6922.5 0.9762012765068524
6925.0 0.9754878538909902
6927.5 0.9747746871055015
6930.0 0.9740617738864006
6932.5 0.9740752185649155
6935.0 0.9740884662766829
6937.5 0.9741015181536956
6940.0 0.9741143719319677
6942.5 0.973729680025945
6945.0 0.9733450390595983
6947.5 0.9729604479009352
6950.0 0.972575907681948
6952.5 0.9724510409518852
6955.0 0.9723260644185204
6957.5 0.9722009758178682
6960.0 0.9720757762819214
6962.5 0.9718276015758848
6965.0 0.9715793940420568
6967.5 0.971331150284459
6970.0 0.9710828736990701
6972.5 0.9708121213965879
6975.0 0.9705413487182354
6977.5 0.9702705567960052
6980.0 0.9699997433659118
6982.5 0.9699739271380584
6985.0 0.9699479365833135
6987.5 0.96992177283367
6990.0 0.9698954347571346
6992.5 0.9696388742484172
6995.0 0.969382283175894
6997.5 0.9691256638035508
7000.0 0.968869013867402
7002.5 0.9686580398408331
7005.0 0.9684470069506385
7007.5 0.9682359163288108
7010.0 0.9680247668433576
7012.5 0.9673344063168604
7015.0 0.9666442891688156
7017.5 0.9659544142672306
7020.0 0.9652647827440982
7022.5 0.9649791617161555
7025.0 0.9646935305002776
7027.5 0.964407886832479
7030.0 0.964122232976745
7032.5 0.9641819886128021
7035.0 0.964241516718306
7037.5 0.9643008150292709
7040.0 0.9643598846776898
7042.5 0.9641782824683669
7045.0 0.9639966021515405
7047.5 0.9638148448592035
7050.0 0.9636330117233488
7052.5 0.9634731958475022
7055.0 0.9633132905442242
7057.5 0.9631532935495293
7060.0 0.9629932059954102
7062.5 0.9625612250900639
7065.0 0.9621293245562067
7067.5 0.9616975055258313
7070.0 0.9612657668669449
7072.5 0.9608485335638294
7075.0 0.9604313715762605
7077.5 0.960014280904238
7080.0 0.9595972615477623
7082.5 0.959290381694989
7085.0 0.9589835029742086
7087.5 0.958676625385421
7090.0 0.9583697511926119
7092.5 0.9582342154303856
7095.0 0.9580985743928289
7097.5 0.9579628246839629
7100.0 0.9578269696997664
7102.5 0.9576422737541141
7105.0 0.9574575008329514
7107.5 0.9572726532002637
7110.0 0.9570877297240582
7112.5 0.956861335691534
7115.0 0.9566348918513263
7117.5 0.9564083993354283
7120.0 0.9561818558798542
7122.5 0.9559198821815552
7125.0 0.9556578813154291
7127.5 0.9553958532814756
7130.0 0.9551337980796949
7132.5 0.9549523464254146
7135.0 0.9547708166636308
7137.5 0.9545892087943438
7140.0 0.9544075228175534
7142.5 0.9539520451376062
7145.0 0.9534966636770473
7147.5 0.9530413795678693
7150.0 0.9525861905460867
7152.5 0.952386167417889
7155.0 0.9521860775021158
7157.5 0.9519859207987674
7160.0 0.9517856984398364
7162.5 0.9515891131737798
7165.0 0.9513924588561622
7167.5 0.9511957354869837
7170.0 0.9509989430662443
7172.5 0.9505472326583437
7175.0 0.950095615073853
7177.5 0.9496440925767576
7180.0 0.9491926640350649
7182.5 0.9488782802020042
7185.0 0.9485639031609001
7187.5 0.94824953177976
7190.0 0.9479351671905769
7192.5 0.9480389901744417
7195.0 0.9481425505359764
7197.5 0.9482458494071736
7200.0 0.9483488856560407
7202.5 0.9477174612028116
7205.0 0.9470862473002439
7207.5 0.9464552428163445
7210.0 0.9458244488831065
7212.5 0.9454807973761375
7215.0 0.9451371707730103
7217.5 0.9447935690737248
7220.0 0.9444499934102737
7222.5 0.9440468047418585
7225.0 0.9436436794650402
7227.5 0.9432406187118118
7230.0 0.9428376213501802
7232.5 0.9429267499354761
7235.0 0.9430156249543842
7237.5 0.9431042452749118
7240.0 0.9431926120290515
7242.5 0.9426984496270725
7245.0 0.942204410612309
7247.5 0.941710493852768
7250.0 0.9412166993484496
7252.5 0.9413613804805271
7255.0 0.9415057695584615
7257.5 0.9416498688462385
7260.0 0.9417936772118652
7262.5 0.9413479573098753
7265.0 0.9409023290993025
7267.5 0.940456791448154
7270.0 0.9400113454884221
7272.5 0.9394383273358299
7275.0 0.9388654835101289
7277.5 0.9382928128793269
7280.0 0.9377203177074092
7282.5 0.9374366674789356
7285.0 0.9371530036665484
7287.5 0.9368693262702477
7290.0 0.9365856352900332
7292.5 0.9361618647284833
7295.0 0.9357381711424441
7297.5 0.9353145556639083
7300.0 0.934891017160883
7302.5 0.9348707510937402
7305.0 0.9348502993797778
7307.5 0.9348296631509887
7310.0 0.9348088412753799
7312.5 0.9344442116777956
7315.0 0.9340796205679665
7317.5 0.9337150690778854
7320.0 0.9333505572075524
7322.5 0.9331619864505375
7325.0 0.9329733409819975
7327.5 0.9327846196699395
7330.0 0.9325958213823712
7332.5 0.9323152920580541
7335.0 0.9320347468858377
7337.5 0.9317541858657221
7340.0 0.9314736089977073
7342.5 0.9311482595503687
7345.0 0.9308229225549512
7347.5 0.9304975991434472
7350.0 0.9301722893158569
7352.5 0.9296139383940062
7355.0 0.9290557538750974
7357.5 0.9284977346271379
7360.0 0.927939882914113
7362.5 0.9275173733925451
7365.0 0.9270949419784806
7367.5 0.926672586407934
7370.0 0.9262503100768834
7372.5 0.9261209832951788
7375.0 0.9259915410502083
7377.5 0.9258619833419719
7380.0 0.9257323113024626
7382.5 0.9255432436006072
7385.0 0.925354100055234
7387.5 0.9251648806663432
7390.0 0.9249755843019417
7392.5 0.92460758702577
7395.0 0.9242396316333319
7397.5 0.9238717181246275
7400.0 0.9235038453676642
7402.5 0.9230050100993964
7405.0 0.9225063027463154
7407.5 0.9220077233084211
7410.0 0.9215092729177062
7412.5 0.9210730153435522
7415.0 0.9206368438008513
7417.5 0.920200760553589
7420.0 0.9197647633377796
7422.5 0.9194936691734711
7425.0 0.9192225523693065
7427.5 0.9189514140572788
7430.0 0.918680253105395
7432.5 0.9181853005724399
7435.0 0.9176904736906857
7437.5 0.9171957735921255
7440.0 0.9167011991447663
7442.5 0.9164800813306944
7445.0 0.9162589080489751
7447.5 0.9160376792996086
7450.0 0.9158163950825947
7452.5 0.9152490889656837
7455.0 0.9146819560436712
7457.5 0.9141149997125361
7460.0 0.9135482165762997
7462.5 0.9131616840499802
7465.0 0.912775206991308
7467.5 0.9123887842682903
7470.0 0.91200241701292
7472.5 0.9119037083725368
7475.0 0.9118048616290316
7477.5 0.9117058790463902
7480.0 0.9116067594926196
7482.5 0.9111997107287481
7485.0 0.9107927310164373
7487.5 0.9103858203556877
7490.0 0.9099789787464989
7492.5 0.9094694755780607
7495.0 0.9089601105127444
7497.5 0.9084508824185571
7500.0 0.9079417924274918
7502.5 0.9075936797368883
7505.0 0.9072455930821194
7507.5 0.9068975313311921
7510.0 0.9065494956160992
7512.5 0.9063008975447544
7515.0 0.906052262117647
7517.5 0.9058035915987628
7520.0 0.9055548859881017
7522.5 0.9049221654031139
7525.0 0.904289633860924
7527.5 0.9036572913615322
7530.0 0.9030251379049382
7532.5 0.902628488758943
7535.0 0.9022318939486023
7537.5 0.9018353512099305
7540.0 0.9014388605429274
7542.5 0.9015369816790462
7545.0 0.9016349216963165
7547.5 0.9017326794627458
7550.0 0.9018302549783337
7552.5 0.9014508291028281
7555.0 0.9010714326591354
7557.5 0.9006920679112412
7560.0 0.9003127337271526
7562.5 0.9000117640088012
7565.0 0.8997107886304857
7567.5 0.8994098064602134
7570.0 0.8991088174979843
7572.5 0.89868262560383
7575.0 0.8982565027612366
7577.5 0.8978304478382114
7580.0 0.8974044619667472
7582.5 0.897201392645918
7585.0 0.8969982486135638
7587.5 0.8967950310016775
7590.0 0.8965917375462733
7592.5 0.8959849961961024
7595.0 0.8953783816291251
7597.5 0.8947718927133491
7600.0 0.8941655317127597
7602.5 0.8938800453919604
7605.0 0.893594537563298
7607.5 0.8933090070947796
7610.0 0.893023453986405
7612.5 0.8929231413122207
7615.0 0.8928227131747706
7617.5 0.8927221707060473
7620.0 0.8926215127740582
7622.5 0.892247426508602
7625.0 0.8918733798628937
7627.5 0.8914993728369336
7630.0 0.8911254054307217
7632.5 0.8909640874004262
7635.0 0.8908026788107065
7637.5 0.8906411785295699
7640.0 0.8904795865570163
7642.5 0.8900918756261894
7645.0 0.8897042054471034
7647.5 0.8893165760197582
7650.0 0.888928987344154
7652.5 0.888479222831881
7655.0 0.8880295443510607
7657.5 0.887579950769701
7660.0 0.8871304420878012
7662.5 0.8863843048799476
7665.0 0.8856385004779778
7667.5 0.8848930277498991
7670.0 0.8841478889596972
7672.5 0.883965359648269
7675.0 0.8837827318534669
7677.5 0.8836000055752908
7680.0 0.8834171796817485
7682.5 0.8826863549405338
7685.0 0.8819557486739301
7687.5 0.8812253620139301
7690.0 0.8804951938285409
7692.5 0.8799845903630987
7695.0 0.8794741283967568
7697.5 0.8789638067975223
7700.0 0.8784536278293811
7702.5 0.878041452270107
7705.0 0.8776293491583723
7707.5 0.8772173196261699
7710.0 0.8768053625415066
7712.5 0.8762588047206722
7715.0 0.8757124189627437
7717.5 0.8751662041357282
7720.0 0.874620160239626
7722.5 0.874163547170898
7725.0 0.8737070144736588
7727.5 0.8732505632799015
7730.0 0.8727941913256404
7732.5 0.8725163527482146
7735.0 0.8722384870029618
7737.5 0.8719605940898817
7740.0 0.8716826751409671
7742.5 0.8710018437298811
7745.0 0.8703213530486287
7747.5 0.8696412008332242
7750.0 0.8689613882156604
7752.5 0.8684170457047403
7755.0 0.8678728888406398
7757.5 0.867328917623359
7760.0 0.8667851320528976
7762.5 0.86587743909626
7765.0 0.8649702804402252
7767.5 0.8640636583487786
7770.0 0.8631575705579349
7772.5 0.8627895291340438
7775.0 0.8624215375178361
7777.5 0.8620535945773189
7780.0 0.8616857025764777
7782.5 0.8613188474810437
7785.0 0.8609520240814081
7787.5 0.8605852301135855
7790.0 0.8602184667095684
7792.5 0.8592127477042073
7795.0 0.8582076875186574
7797.5 0.8572032838889329
7800.0 0.8561995390790195
7802.5 0.8555202301982529
7805.0 0.8548412665752909
7807.5 0.8541626493421266
7810.0 0.853484377366767
7812.5 0.853362715308328
7815.0 0.8532409287306806
7817.5 0.8531190165018323
7820.0 0.8529969808857684
7822.5 0.8525003858312568
7825.0 0.8520039379358095
7827.5 0.8515076383314194
7830.0 0.8510114847541008
7832.5 0.8500244153301606
7835.0 0.8490380024620459
7837.5 0.8480522461497565
7840.0 0.8470671441293071
7842.5 0.8463646339240608
7845.0 0.8456624610526697
7847.5 0.8449606266471267
7850.0 0.8442591295754386
7852.5 0.8436016636277885
7855.0 0.842944527090044
7857.5 0.8422877222261907
7860.0 0.8416312479042356
7862.5 0.8410326659581848
7865.0 0.8404343183346441
7867.5 0.8398362039016208
7870.0 0.8392383249231002
7872.5 0.8386071698841583
7875.0 0.8379763193512801
7877.5 0.8373457710604802
7880.0 0.8367155261437513
7882.5 0.8361454738123014
7885.0 0.8355756546713687
7887.5 0.8350060698529462
7890.0 0.834436718225041
7892.5 0.8338378498848111
7895.0 0.8332391864352786
7897.5 0.8326407256124577
7900.0 0.8320424674163485
7902.5 0.8314137201260973
7905.0 0.8307852445141186
7907.5 0.8301570417124055
7910.0 0.8295291105889648
7912.5 0.829109122015368
7915.0 0.8286892319251451
7917.5 0.8282694391863032
7920.0 0.8278497449308352
7922.5 0.8272316757286897
7925.0 0.8266138793368097
7927.5 0.8259963546232023
7930.0 0.8253791027198603
7932.5 0.8247301867138473
7935.0 0.8240815288021934
7937.5 0.8234331289848983
7940.0 0.8227849872619623
7942.5 0.8218258067446967
7945.0 0.8208672884432208
7947.5 0.8199094346215198
7950.0 0.818952243015608
7952.5 0.8185064506660789
7955.0 0.818060730764089
7957.5 0.817615086705617
7960.0 0.8171695162266771
7962.5 0.8165202809986938
7965.0 0.8158713106570263
7967.5 0.8152226040696818
7970.0 0.8145741623686531
7972.5 0.8142015352419193
7975.0 0.813828944338955
7977.5 0.8134563896597605
7980.0 0.8130838689403501
7982.5 0.8125110024747932
7985.0 0.8119380567697401
7987.5 0.8113650306931981
7990.0 0.8107919253771599
7992.5 0.8101020176477837
7995.0 0.8094124200844353
7997.5 0.8087231349511004
8000.0 0.8080341599837935
8002.5 0.8073420720362796
8005.0 0.8066502172792831
8007.5 0.8059585957128039
8010.0 0.805267207336842
8012.5 0.8049627024049684
8015.0 0.8046581148376202
8017.5 0.8043534480307759
8020.0 0.804048698588457
8022.5 0.8037057149572415
8025.0 0.8033627143461342
8027.5 0.8030196978871273
8030.0 0.8026766644482287
8032.5 0.8020098708798862
8035.0 0.8013433331419171
8037.5 0.8006770523663143
8040.0 0.8000110296850702
8042.5 0.7994398306449113
8045.0 0.7988686180208389
8047.5 0.7982973906808599
8050.0 0.7977261486249746
8052.5 0.7969871508957261
8055.0 0.7962483308893478
8057.5 0.7955096908698248
8060.0 0.7947712308371574
8062.5 0.7943398498879966
8065.0 0.7939085413863751
8067.5 0.7934773053322929
8070.0 0.7930461405937573
8072.5 0.7924057484935471
8075.0 0.7917653428094231
8077.5 0.7911249235413856
8080.0 0.7904844906894344
8082.5 0.7903662302693668
8085.0 0.7902476721351921
8087.5 0.7901288174189033
8090.0 0.7900096661205002
8092.5 0.7892206082735477
8095.0 0.7884319398321192
8097.5 0.7876436630602005
8100.0 0.7868557756938059
8102.5 0.7865563613335651
8105.0 0.7862567749104182
8107.5 0.7859570175563583
8110.0 0.7856570870073994
8112.5 0.7849650398116265
8115.0 0.7842731080791195
8117.5 0.783581292941871
8120.0 0.7828895943998813
8122.5 0.7826871103193309
8125.0 0.782484566243162
8127.5 0.782281959907389
8130.0 0.7820792935759976
8132.5 0.7816825731144558
8135.0 0.7812858718967916
8137.5 0.7808891887910122
8140.0 0.7804925249291106
8142.5 0.779729102191163
8145.0 0.7789657903885101
8147.5 0.7782025929171302
8150.0 0.7774395063810451
8152.5 0.7766080350277695
8155.0 0.7757767764891407
8157.5 0.7749457307651588
8160.0 0.7741148967238309
8162.5 0.7734972893747489
8165.0 0.7728796854216453
8167.5 0.7722620826005345
8170.0 0.7716444843073949
8172.5 0.7710273150395275
8175.0 0.7704104253738822
8177.5 0.7697938141784663
8180.0 0.7691774803212871
8182.5 0.7685690636217684
8185.0 0.7679607159738107
8187.5 0.7673524373774139
8190.0 0.766744227832578
8192.5 0.7658427257445771
8195.0 0.76494149986282
8197.5 0.7640405490553138
8200.0 0.7631398755860445
8202.5 0.7624098115439931
8205.0 0.7616801640752932
8207.5 0.7609509309159588
8210.0 0.7602221131979829
8212.5 0.7596592490208288
8215.0 0.7590965116268684
8217.5 0.758533901016102
8220.0 0.7579714171885293
8222.5 0.7571582739307187
8225.0 0.7563456298817338
8227.5 0.7555334850415749
8230.0 0.7547218371462562
8232.5 0.7540607465576527
8235.0 0.7533999763230121
8237.5 0.7527395275743276
8240.0 0.7520794003115988
8242.5 0.7509828818995656
8245.0 0.7498869974035016
8247.5 0.7487917445594215
8250.0 0.7476971256313109
8252.5 0.7469249797568274
8255.0 0.7461533013953714
8257.5 0.74538208941495
8260.0 0.7446113460795488
8262.5 0.7436729704580001
8265.0 0.7427352468643055
8267.5 0.7417981741664724
8270.0 0.7408617534964934
8272.5 0.7400343641092635
8275.0 0.7392074331791185
8277.5 0.7383809607060586
8280.0 0.7375549478220765
8282.5 0.7366162824103704
8285.0 0.7356782758184751
8287.5 0.7347409257824054
8290.0 0.7338042334341538
8292.5 0.733120294702825
8295.0 0.7324367102852435
8297.5 0.7317534790494162
8300.0 0.7310706032593289
8302.5 0.7303228756015877
8305.0 0.729575592817018
8307.5 0.7288287549056196
8310.0 0.7280823629993853
8312.5 0.727020837880855
8315.0 0.7259601413810561
8317.5 0.7249002723679958
8320.0 0.7238412297096813
8322.5 0.7230183433898197
8325.0 0.7221960264623376
8327.5 0.7213742766632497
8330.0 0.7205530962565413
8332.5 0.7199680687923073
8335.0 0.7193832756505837
8337.5 0.7187987156993771
8340.0 0.7182143889386879
8342.5 0.717373812967302
8345.0 0.7165336716811522
8347.5 0.7156939662122312
8350.0 0.7148546942965537
8352.5 0.7140563280727865
8355.0 0.7132584769057444
8357.5 0.7124611396634347
8360.0 0.7116643186098429
8362.5 0.7104011108616664
8365.0 0.7091380095208133
8367.5 0.7078750168512693
8370.0 0.7066121317210416
8372.5 0.7057744672351435
8375.0 0.7049373574257187
8377.5 0.7041008022927672
8380.0 0.7032648029682816
8382.5 0.7027293035851345
8385.0 0.7021936604389014
8387.5 0.7016578746615753
8390.0 0.701121946253156
8392.5 0.700054104614788
8395.0 0.6989872217743235
8397.5 0.6979212999957483
8400.0 0.6968563381470697
8402.5 0.6960905167163737
8405.0 0.6953248447087277
8407.5 0.6945593243881172
8410.0 0.6937939534905566
8412.5 0.6930095662459071
8415.0 0.6922249910904525
8417.5 0.6914402302881784
8420.0 0.6906552838390845
8422.5 0.6898869199525541
8425.0 0.6891190213150656
8427.5 0.6883515901906044
8430.0 0.6875846243151852
8432.5 0.6875793922444522
8435.0 0.6875738805714969
8437.5 0.6875680881643267
8440.0 0.6875620150229413
8442.5 0.686476884458501
8445.0 0.6853917550260534
8447.5 0.6843066278575916
8450.0 0.6832215029531151
8452.5 0.682600606032949
8455.0 0.6819791827361299
8457.5 0.6813572353266432
8460.0 0.6807347638044889
8462.5 0.6798814880058519
8465.0 0.6790280808960499
8467.5 0.6781745436070756
8470.0 0.6773208750069362
8472.5 0.6766627083557414
8475.0 0.676004011931915
8477.5 0.6753447846034643
8480.0 0.6746850308983605
8482.5 0.6706992333011618
8485.0 0.6667202050209217
8487.5 0.6627479426616621
8490.0 0.6587824394314261
8492.5 0.657743768115585
8495.0 0.6567043213846743
8497.5 0.6556641026346721
8500.0 0.6546231129975715
8502.5 0.6545014045274276
8505.0 0.6543792093003786
8507.5 0.65425652958041
8510.0 0.6541333653675222
8512.5 0.653368564994334
8515.0 0.6526039049882534
8517.5 0.6518393842172875
8520.0 0.6510750049454218
8522.5 0.650144045008722
8525.0 0.6492127794339657
8527.5 0.6482812070891597
8530.0 0.6473493302382899
8532.5 0.6469191718413558
8535.0 0.6464889942005438
8537.5 0.6460587950518688
8540.0 0.6456285777913089
8542.5 0.6449367637860532
8545.0 0.644244254737217
8547.5 0.6435510517767927
8550.0 0.6428571571687661
8552.5 0.6423478928508093
8555.0 0.6418385232575217
8557.5 0.6413290495208964
8560.0 0.640819472772926
8562.5 0.640256772734728
8565.0 0.6396938553539121
8567.5 0.6391307217624709
8570.0 0.6385673730923972
8572.5 0.6374796638483529
8575.0 0.6363918142372009
8577.5 0.6353038276549199
8580.0 0.634215702969517
8582.5 0.6334038422595515
8585.0 0.6325921151247366
8587.5 0.6317805204330796
8590.0 0.6309690593165734
8592.5 0.6303708928118812
8595.0 0.6297724602888802
8597.5 0.6291737628795637
8600.0 0.6285748005839312
8602.5 0.6276184534446503
8605.0 0.6266622432764984
8607.5 0.6257061700794758
8610.0 0.6247502349855748
8612.5 0.6242133307993599
8615.0 0.6236765896201085
8617.5 0.6231400114478205
8620.0 0.6226035951505033
8622.5 0.6217888738947261
8625.0 0.6209740179318051
8627.5 0.6201590272617408
8630.0 0.6193439052805113
8632.5 0.6184419651112958
8635.0 0.6175403294481442
8637.5 0.6166389971590637
8640.0 0.615737969376047
8642.5 0.6144950288270061
8645.0 0.6132528602970564
8647.5 0.6120114626542053
8650.0 0.6107708381624383
8652.5 0.6100695923931524
8655.0 0.6093685990582615
8657.5 0.6086678570257728
8660.0 0.6079673685596717
8662.5 0.6069321656697774
8665.0 0.6058972378541341
8667.5 0.604862583980749
8670.0 0.6038282051816148
8672.5 0.6020359515412581
8675.0 0.6002451683595519
8677.5 0.5984558556364961
8680.0 0.5966680145040835
8682.5 0.5961481671854161
8685.0 0.5956284330660292
8687.5 0.5951088144099079
8690.0 0.5945893100850599
8692.5 0.5941059978340925
8695.0 0.5936228372701607
8697.5 0.5931398283932645
8700.0 0.5926569712034038
8702.5 0.5912036486600296
8705.0 0.5897516584721839
8707.5 0.5883009983758812
8710.0 0.5868516695031142
8712.5 0.585730071790542
8715.0 0.5846093830681903
8717.5 0.5834896033360588
8720.0 0.5823707337261406
8722.5 0.5821204750213546
8725.0 0.5818702310324748
8727.5 0.5816199983635232
8730.0 0.5813697792784853
8732.5 0.5798704174558416
8735.0 0.5783723664808631
8737.5 0.5768756229575716
8740.0 0.5753801880179596
8742.5 0.5743647316105117
8745.0 0.5733499351548677
8747.5 0.5723358009150131
8750.0 0.5713223266269624
8752.5 0.5702784990839059
8755.0 0.5692354560118617
8757.5 0.5681931962788368
8760.0 0.5671517221488167
8762.5 0.5656582195209187
8765.0 0.5641661782957286
8767.5 0.5626755996052392
8770.0 0.5611864811854651
8772.5 0.5605293186118862
8775.0 0.5598724729962918
8777.5 0.5592159443386823
8780.0 0.558559734903043
8782.5 0.55676219938427
8785.0 0.5549663471387941
8787.5 0.553172177034623
8790.0 0.551379689071756
8792.5 0.5501324956257562
8795.0 0.5488864941681774
8797.5 0.5476416835670268
8800.0 0.5463980649542971
8802.5 0.5457355118309928
8805.0 0.5450733028335004
8807.5 0.5444114402258055
8810.0 0.5437499228759154
8812.5 0.5423486176658007
8815.0 0.5409483210612729
8817.5 0.5395490353263178
8820.0 0.5381507593289426
8822.5 0.5374525257925041
8825.0 0.5367546035540863
8827.5 0.5360569948776748
8830.0 0.535359697499284
8832.5 0.5339096588670298
8835.0 0.5324611744608935
8837.5 0.5310142431488821
8840.0 0.5295688660629886
8842.5 0.5283417779411536
8845.0 0.5271152512877485
8847.5 0.5258892861027735
8850.0 0.5246638823862285
8852.5 0.5241258529991679
8855.0 0.52358797416715
8857.5 0.5230502470221675
8860.0 0.5225126715642207
8862.5 0.5210428083420168
8865.0 0.5195743001151973
8867.5 0.5181071457517697
8870.0 0.5166413475157194
8872.5 0.5159567748684213
8875.0 0.5152724648434533
8877.5 0.5145884185728083
8880.0 0.5139046337925006
8882.5 0.5130705633837505
8885.0 0.5122368484207404
8887.5 0.5114034866394845
8890.0 0.510570479171976
8892.5 0.5090805525093409
8895.0 0.5075917068998322
8897.5 0.5061039423434499
8900.0 0.5046172588401939
8902.5 0.5038389753007355
8905.0 0.5030611015426715
8907.5 0.5022836398299877
8910.0 0.5015065878986983
8912.5 0.5002669108849069
8915.0 0.4990278372232792
8917.5 0.4977893680458081
8920.0 0.4965515010885079
8922.5 0.49519390891245363
8925.0 0.49383703781581456
8927.5 0.49248088666659784
8930.0 0.4911254565967963
8932.5 0.49053898470974644
8935.0 0.4899528241207172
8937.5 0.48936697482970876
8940.0 0.48878143683672093
8942.5 0.4874288854246161
8945.0 0.4860767188900641
8947.5 0.48472493836505776
8950.0 0.48337354384959713
8952.5 0.48230245678786426
8955.0 0.4812320002461224
8957.5 0.4801621753563643
8960.0 0.47909298211859
8962.5 0.4784708094425356
8965.0 0.4778488688250057
8967.5 0.47722715913400754
8970.0 0.47660568376551943
8972.5 0.47530006590699814
8975.0 0.4739950898883959
8977.5 0.47269075570971253
8980.0 0.47138706450294104
8982.5 0.4700678332989771
8985.0 0.4687494261857735
8987.5 0.4674318420313372
8990.0 0.4661150830996539
8992.5 0.4651047998993133
8995.0 0.4640950962792876
8997.5 0.46308597450356237
9000.0 0.46207743230815196
9002.5 0.4609668862413104
9005.0 0.45985675561582734
9007.5 0.4587470404317027
9010.0 0.4576377418209295
9012.5 0.4564276856628005
9015.0 0.4552183619040147
9017.5 0.454009771676565
9020.0 0.4528019149804512
9022.5 0.4517888821695934
9025.0 0.4507763553595183
9027.5 0.4497643356822188
9030.0 0.44875282200570193
9032.5 0.4477752047216624
9035.0 0.4467980775905064
9037.5 0.44582144061223383
9040.0 0.4448452960508304
9042.5 0.4436507176302897
9045.0 0.44245692707673956
9047.5 0.4412639221261943
9050.0 0.44007170391064676
9052.5 0.4392216656114249
9055.0 0.43837219444059705
9057.5 0.437523291530156
9060.0 0.4366749580120946
9062.5 0.4353040615246329
9065.0 0.4339341023272116
9067.5 0.4325650826838163
9070.0 0.4311970003304615
9072.5 0.42989641304795445
9075.0 0.4285966464602291
9077.5 0.4272977016992784
9080.0 0.4259995776331095
9082.5 0.42541577272110226
9085.0 0.42483220099961233
9087.5 0.42424886246863974
9090.0 0.42366575712818444
9092.5 0.4222259834066631
9095.0 0.4207876518439722
9097.5 0.4193507613081188
9100.0 0.41791531293109574
9102.5 0.41664895258296436
9105.0 0.41538333255812576
9107.5 0.41411845285658005
9110.0 0.41285431461031996
9112.5 0.41194909392596285
9115.0 0.4110445977169994
9117.5 0.4101408248514367
9120.0 0.40923777532927486
9122.5 0.40770319947453165
9125.0 0.4061697352367205
9127.5 0.4046373837478342
9130.0 0.40310614500787273
9132.5 0.40223998147117956
9135.0 0.4013744144946933
9137.5 0.4005094452104067
9140.0 0.3996450736183199
9142.5 0.3987854914877803
9145.0 0.3979265523291526
9147.5 0.3970682561424366
9150.0 0.39621060292763244
9152.5 0.3945276896040599
9155.0 0.3928464663457414
9157.5 0.39116693541666253
9160.0 0.38948909455283787
9162.5 0.38885904886684225
9165.0 0.3882293925863706
9167.5 0.3876001268434159
9170.0 0.3869712505059852
9172.5 0.3858325868699229
9175.0 0.38469493297144036
9177.5 0.38355828994253044
9180.0 0.38242265665120034
9182.5 0.38070309392865476
9185.0 0.3789849586490331
9187.5 0.37726824968034245
9190.0 0.37555296928656867
9192.5 0.3750400282559893
9195.0 0.3745273928634666
9197.5 0.37401506084501496
9200.0 0.3735030333326272
9202.5 0.37222257627812655
9205.0 0.370943356491759
9207.5 0.36966537170953906
9210.0 0.3683886230634593
9212.5 0.36678110159252447
9215.0 0.3651748547454853
9217.5 0.36356988478632724
9220.0 0.3619661894510648
9222.5 0.3613646530037995
9225.0 0.36076359878546815
9227.5 0.360163024532085
9230.0 0.35956293137564294
9232.5 0.3581778895061214
9235.0 0.35679415622027955
9237.5 0.35541173038612456
9240.0 0.35403061426764204
9242.5 0.3527717805396543
9245.0 0.35151383542601655
9247.5 0.35025677666274313
9250.0 0.34900060651381964
9252.5 0.34829934829261294
9255.0 0.34759859267621057
9257.5 0.3468983396646124
9260.0 0.3461985881258258
9262.5 0.34474180394846177
9265.0 0.34328624232332433
9267.5 0.34183190211842074
9270.0 0.3403787822017582
9272.5 0.339221532375872
9275.0 0.33806511909266684
9277.5 0.3369095423521427
9280.0 0.3357548044182852
9282.5 0.3350120326250332
9285.0 0.33426981098028336
9287.5 0.3335281394840354
9290.0 0.33278701813628947
9292.5 0.3314824564270529
9295.0 0.3301789486031154
9297.5 0.328876494664477
9300.0 0.32757509347914493
9302.5 0.3264587255733202
9305.0 0.32534322930195336
9307.5 0.3242286057970372
9310.0 0.32311485505857185
9312.5 0.3222711174312885
9315.0 0.32142798202417616
9317.5 0.32058544883723467
9320.0 0.319743519002457
9322.5 0.3185681403118391
9325.0 0.317393604955859
9327.5 0.31621990953853846
9330.0 0.31504705745585565
9332.5 0.3139747942536011
9335.0 0.31290334382217866
9337.5 0.31183270389760276
9340.0 0.3107628767438591
9342.5 0.3095911838218061
9345.0 0.30842049384537606
9347.5 0.3072508090785547
9350.0 0.30608212725735623
9352.5 0.3050471688779073
9355.0 0.30401289875008214
9357.5 0.3029793180058738
9360.0 0.30194642664528215
9362.5 0.30086680209383304
9365.0 0.29978814879220844
9367.5 0.2987104656084156
9370.0 0.2976337525424544
9372.5 0.2963731506417092
9375.0 0.2951136592259032
9377.5 0.29385527716304377
9380.0 0.29259800558512344
9382.5 0.2917867957710193
9385.0 0.29097625496466145
9387.5 0.2901663842980427
9390.0 0.2893571815071774
9392.5 0.28825367077560315
9395.0 0.28715096828688996
9397.5 0.2860490763050233
9400.0 0.2849479925660176
9402.5 0.28364668307210256
9405.0 0.28234663914614067
9407.5 0.2810478607881319
9410.0 0.27975034913006913
9412.5 0.2791206736057199
9415.0 0.2784914123907364
9417.5 0.27786256548511856
9420.0 0.2772341340208593
9422.5 0.27594452140857223
9425.0 0.2746559864534331
9427.5 0.2733685257594635
9430.0 0.2720821415906491
9432.5 0.2707137060555399
9435.0 0.2693459780159323
9437.5 0.2679789552078406
9440.0 0.26661263876325764
9442.5 0.2661218055521107
9445.0 0.26563124401923627
9447.5 0.2651409530326417
9450.0 0.2646509325923269
9452.5 0.26354944133591235
9455.0 0.26244852965981263
9457.5 0.2613481998280134
9460.0 0.26024844957652904
9462.5 0.25889978203172953
9465.0 0.25755187971406446
9467.5 0.2562047426235339
9470.0 0.2548583707601378
9472.5 0.2543887850538933
9475.0 0.2539194268782021
9477.5 0.2534502973650571
9480.0 0.2529813976464509
9482.5 0.25191829792593234
9485.0 0.25085578910565665
9487.5 0.2497938700536311
9490.0 0.2487325430338412
9492.5 0.24736092773094986
9495.0 0.24599000973562485
9497.5 0.24461978904786616
9500.0 0.24325026679966663
9502.5 0.2425607824355985
9505.0 0.24187168068509762
9507.5 0.241182961548164
9510.0 0.24049462389280477
9512.5 0.23966637419104497
9515.0 0.23883861917013988
9517.5 0.23801136109407503
9520.0 0.2371845999628505
9522.5 0.23602238408453982
9525.0 0.2348608021221985
9527.5 0.2336998540758266
9530.0 0.2325395388134313
9532.5 0.2318721226490475
9535.0 0.23120514343388543
9537.5 0.23053860229993794
9540.0 0.22987249811521218
9542.5 0.22895772341160223
9545.0 0.2280434694246814
9547.5 0.22712973615444973
9550.0 0.2262165258648928
9552.5 0.2249151235475679
9555.0 0.22361472643985164
9557.5 0.22231533793772235
9560.0 0.2210169557771945
9562.5 0.22020729113326576
9565.0 0.21939816644990381
9567.5 0.21858958399109427
9570.0 0.2177815437568371
9572.5 0.21684328133456854
9575.0 0.21590565735624057
9577.5 0.21496866955786761
9580.0 0.2140323202034352
9582.5 0.21304042056620687
9585.0 0.21204926351625697
9587.5 0.2110588513175711
9590.0 0.21006918170616362
9592.5 0.20917459949016423
9595.0 0.20828072929763763
9597.5 0.2073875711285838
9600.0 0.2064951249830027
9602.5 0.20543578687456676
9605.0 0.20437735209638722
9607.5 0.20331981725248566
9610.0 0.2022631846068476
9612.5 0.2014323154737429
9615.0 0.20060213685624767
9617.5 0.19977264762236915
9620.0 0.19894384777210736
9622.5 0.19808907887496394
9625.0 0.19723500841737962
9627.5 0.19638163526736163
9630.0 0.1955289582929172
9632.5 0.19437086286840752
9635.0 0.1932137828414417
9637.5 0.19205772047600528
9640.0 0.1909026735081127
9642.5 0.19019986332477382
9645.0 0.18949768366142591
9647.5 0.18879613565006179
9650.0 0.18809521929068146
9652.5 0.18728926871513765
9655.0 0.18648392375574321
9657.5 0.18567918328050526
9660.0 0.18487504955340942
9662.5 0.18365380817439916
9665.0 0.1824337293519971
9667.5 0.18121481082221752
9670.0 0.1799970525850605
9672.5 0.17934498511108546
9675.0 0.17869347797354762
9677.5 0.17804253117244706
9680.0 0.1773921458397765
9682.5 0.17662795900668732
9685.0 0.1758644977809845
9687.5 0.17510175876668965
9690.0 0.17433974422778842
9692.5 0.17311175956765382
9695.0 0.17188488086448725
9697.5 0.17065910698629588
9700.0 0.16943443793307972
9702.5 0.16873830084731145
9705.0 0.1680428191853758
9707.5 0.1673479952112584
9710.0 0.16665382666097361
9712.5 0.1660001087414926
9715.0 0.1653469183306575
9717.5 0.16469425542846836
9720.0 0.1640421200349252
9722.5 0.16279678984907822
9725.0 0.16155260637194016
9727.5 0.16030956960351103
9730.0 0.15906767954379078
9732.5 0.15832568542959413
9735.0 0.15758433428730934
9737.5 0.15684362838092192
9740.0 0.15610356544644632
9742.5 0.15560847367837644
9745.0 0.15511383583942032
9747.5 0.1546196541935636
9750.0 0.1541259253448279
9752.5 0.15294694238912696
9755.0 0.15176900992274667
9757.5 0.1505921279456871
9760.0 0.14941629645794824
9762.5 0.1485343529415885
9765.0 0.14765317125638486
9767.5 0.1467727502703445
9770.0 0.14589308998346737
9772.5 0.14549187324651414
9775.0 0.1450909791275096
9777.5 0.14469040762645374
9780.0 0.14429015987533944
9782.5 0.14330006010666702
9785.0 0.1423108648002438
9787.5 0.14132257508806256
9790.0 0.1403351909701233
9792.5 0.13932184912523043
9795.0 0.13830943438244278
9797.5 0.13729794787375318
9800.0 0.1362873884671688
9802.5 0.1358422877652419
9805.0 0.13539752552916295
9807.5 0.13495310289092474
9810.0 0.1345090198505273
9812.5 0.13374339765056456
9815.0 0.1329784071025856
9817.5 0.13221404933858322
9820.0 0.13145032435855744
9822.5 0.13034619442692028
9825.0 0.12924310366467578
9827.5 0.1281410509398312
9830.0 0.12704003625238644
9832.5 0.12648205096421092
9835.0 0.12592451168119956
9837.5 0.12536741727135958
9840.0 0.12481076999867657
9842.5 0.12435140505544567
9845.0 0.12389243970567404
9847.5 0.12343387281736887
9850.0 0.12297570325853738
9852.5 0.12191253675044347
9855.0 0.12085030979637564
9857.5 0.11978902352832664
9860.0 0.11872867568231091
9862.5 0.11802707220329946
9865.0 0.1173260528325741
9867.5 0.11662561643814202
9870.0 0.11592576528398882
9872.5 0.1154730723063357
9875.0 0.11502074156637938
9877.5 0.11456877080013426
9880.0 0.11411716113959314
9882.5 0.11327461210475245
9885.0 0.11243280248761033
9887.5 0.11159173432575384
9890.0 0.11075140716638585
9892.5 0.10991126723862739
9895.0 0.10907176982998361
9897.5 0.10823291528005237
9900.0 0.10739470358883364
9902.5 0.10688919250621264
9905.0 0.1063841021853163
9907.5 0.10587943251294536
9910.0 0.10537518348909983
9912.5 0.10479633783756023
9915.0 0.10421797701853795
9917.5 0.10364010125843154
9920.0 0.1030627103308424
9922.5 0.10217942495021465
9925.0 0.10129689132600701
9927.5 0.10041510957141878
9930.0 0.09953407979964922
9932.5 0.09898127677452342
9935.0 0.09842893254608048
9937.5 0.0978770470011211
9940.0 0.09732562047924312
9942.5 0.0968309896586424
9945.0 0.09633675390352973
9947.5 0.09584291332710441
9950.0 0.09534946792936645
9952.5 0.0944926703879217
9955.0 0.09363666331705091
9957.5 0.09278144694315266
9960.0 0.09192702103982836
9962.5 0.09132356212918669
9965.0 0.0907206281236075
9967.5 0.09011821902309082
9970.0 0.08951633482763666
9972.5 0.08902246912097111
9975.0 0.08852904387270505
9977.5 0.08803605930923696
9980.0 0.0875435153173676
9982.5 0.08685000117212195
9985.0 0.08615710407615293
9987.5 0.08546482391626124
9990.0 0.08477316103204477
9992.5 0.0841839789278272
9995.0 0.08359529184406214
9997.5 0.08300709978074963
10000.0 0.08241940285108892
10002.5 0.08192686644357133
10005.0 0.08143478385196827
10007.5 0.08094315518947899
10010.0 0.08045198045610351
10012.5 0.07978731310984195
10015.0 0.07912326643523399
10017.5 0.07845984031908033
10020.0 0.077797034761381
10022.5 0.07723360130504642
10025.0 0.07667067735867224
10027.5 0.07610826314865701
10030.0 0.07554635867500074
10032.5 0.0750936573206009
10035.0 0.07464137106796173
10037.5 0.0741895000302825
10040.0 0.07373804409436394
10042.5 0.07312446188528898
10045.0 0.07251147374603675
10047.5 0.07189907956340799
10050.0 0.07128727945060195
10052.5 0.07066907316412815
10055.0 0.07005144804275915
10057.5 0.06943440386009636
10060.0 0.06881794095573765
10062.5 0.06842878990366745
10065.0 0.06804002067276951
10067.5 0.06765163326304387
10070.0 0.0672636275612912
10072.5 0.0667619893656453
10075.0 0.06626080475951536
10077.5 0.0657600735165028
10080.0 0.06525979574980692
10082.5 0.06457622253895405
10085.0 0.06389332682579348
10087.5 0.06321110872352446
10090.0 0.06252956811894773
10092.5 0.06216190942182321
10095.0 0.06179460356685521
10097.5 0.06142765055404374
10100.0 0.06106105049658809
10102.5 0.06066387927551234
10105.0 0.06026710345952248
10107.5 0.05987072293541926
10110.0 0.05947473781640193
10112.5 0.05881093350145298
10115.0 0.058147789138307863
10117.5 0.05748530461376732
10120.0 0.05682348004103062
10122.5 0.056377674220787065
10125.0 0.05593230501016743
10127.5 0.055487372409171704
10130.0 0.05504287653099919
10132.5 0.05473779484879272
10135.0 0.05443300488113145
10137.5 0.05412850662801539
10140.0 0.0538243002026438
10142.5 0.05329602825394266
10145.0 0.05276828890785507
10147.5 0.052241082051181775
10150.0 0.05171440768392276
10152.5 0.05116452972819857
10155.0 0.05061523350357558
10157.5 0.050066518783655214
10160.0 0.04951838568163676
10162.5 0.04925944821443264
10165.0 0.04900076454001485
10167.5 0.04874233454518408
10170.0 0.048484158229940344
10172.5 0.0480918284288815
10175.0 0.047699906598028675
10177.5 0.04730839262418258
10180.0 0.046917286394143935
10182.5 0.04633522859982804
10185.0 0.04575374155628315
10187.5 0.04517282515030999
10190.0 0.044592479381908565
10192.5 0.04423685354187581
10195.0 0.04388158699635856
10197.5 0.04352667985855609
10200.0 0.043172132015269135
10202.5 0.0429214374932541
10205.0 0.04267098340651031
10207.5 0.04242076964183849
10210.0 0.042170796312437905
10212.5 0.04167929839511732
10215.0 0.04118833794797934
10217.5 0.04069791497102399
10220.0 0.04020802935105197
10222.5 0.03977799162455053
10225.0 0.03934837115059608
10227.5 0.038919167815989336
10230.0 0.03849038184712887
10232.5 0.03824404164862784
10235.0 0.03799795014894552
10237.5 0.037752107574480456
10240.0 0.0375065136988341
10242.5 0.03720422679365768
10245.0 0.03690223658379478
10247.5 0.03660054272964758
10250.0 0.036299145570813894
10252.5 0.03582029699386531
10255.0 0.03534196098325769
10257.5 0.034864137425791746
10260.0 0.034386826208268204
10262.5 0.034089448303079
10265.0 0.03379236369722492
10267.5 0.03349557261710452
10270.0 0.033199075062717805
10272.5 0.03296816562410375
10275.0 0.03273748043326386
10277.5 0.032507019490198144
10280.0 0.032276782794906596
10282.5 0.03188589956745004
10285.0 0.03149541287707219
10287.5 0.031105322723773053
10290.0 0.03071562910755262
10292.5 0.030358831428570737
10295.0 0.03000239610048493
10297.5 0.029646323236494476
10300.0 0.029290612723400094
10302.5 0.029071925297875105
10305.0 0.028853445140232248
10307.5 0.028635172024072963
10310.0 0.028417106175795813
10312.5 0.02815217424070618
10315.0 0.027887511380305693
10317.5 0.027623117594594356
10320.0 0.027358992883572162
10322.5 0.026974925950775722
10325.0 0.02659124966869542
10327.5 0.026207964263729813
10330.0 0.02582506962267962
10332.5 0.025578046153323014
10335.0 0.025331284627100905
10337.5 0.02508478481761473
10340.0 0.024838546838063767
10342.5 0.02463491797319229
10345.0 0.024431479735908753
10347.5 0.02422823223941243
10350.0 0.024025175483703327
10352.5 0.023730645785604434
10355.0 0.023436390935357987
10357.5 0.023142411159362542
10360.0 0.02284870634441882
10362.5 0.022563942687824745
10365.0 0.022279474820949954
10367.5 0.02199530274379445
10370.0 0.02171142645635824
10372.5 0.021527649688861648
10375.0 0.02134405313461921
10377.5 0.021160636793630932
10380.0 0.020977400552697523
10382.5 0.02076235316322818
10385.0 0.020547514739630172
10387.5 0.020332885168704223
10390.0 0.02011846467684889
10392.5 0.019819373047756016
10395.0 0.019520548116167404
10397.5 0.01922199010848162
10400.0 0.0189236987983001
10402.5 0.018723058960423564
10405.0 0.018522630465603256
10407.5 0.018322413087440603
10410.0 0.018122406939134895
10412.5 0.017957670064177415
10415.0 0.0177930835178641
10417.5 0.01762864741339424
10420.0 0.017464361637568544
10422.5 0.017234736218390334
10425.0 0.017005354970059623
10427.5 0.0167762178925764
10430.0 0.0165473248727414
10432.5 0.016312317054185968
10435.0 0.016077547859713305
10437.5 0.015843017289323403
10440.0 0.015608725456215541
10442.5 0.015462962365417502
10445.0 0.015317345301690984
10447.5 0.015171874265035986
10450.0 0.015026549481851066
10452.5 0.014868776966212265
10455.0 0.014711167344337741
10457.5 0.014553720276629654
10460.0 0.014396435989486561
10462.5 0.01415696189332896
10465.0 0.013917705366187994
10467.5 0.013678666408063667
10470.0 0.013439845245354532
10472.5 0.01327689046666599
10475.0 0.01311410492090142
10477.5 0.012951488494861538
10480.0 0.012789041301745628
10482.5 0.012668891359292124
10485.0 0.012548873067601548
10487.5 0.012428986539873179
10490.0 0.01230923166290774
10492.5 0.012146450531915097
10495.0 0.011983836822657943
10497.5 0.011821390648335555
10500.0 0.01165911178254937
10502.5 0.011461253816984925
10505.0 0.011263580705845124
10507.5 0.011066092403850255
10510.0 0.010868789024199597
10512.5 0.010752187788622436
10515.0 0.010635714536151522
10517.5 0.010519369255466928
10520.0 0.010403151946568653
10522.5 0.010294463668958722
10525.0 0.010185889915060616
10527.5 0.01007743065091455
10530.0 0.009969085910480313
10532.5 0.009806074849109631
10535.0 0.009643236676999673
10537.5 0.009480571394150438
10540.0 0.009318078989241998
10542.5 0.009169530811272312
10545.0 0.009021144587512875
10547.5 0.008872920306643764
10550.0 0.00872485799130483
10552.5 0.008639442410320669
10555.0 0.008554113132467768
10557.5 0.008468870157746129
10560.0 0.00838371348615575
10562.5 0.008286327534082512
10565.0 0.008189044502794875
10567.5 0.00809186439229284
10570.0 0.00799478722521626
10572.5 0.007837994539907429
10575.0 0.007681361590102955
10577.5 0.007524888398442693
10580.0 0.007368574987566503
10582.5 0.007260618814981644
10585.0 0.007152792900808566
10587.5 0.007045097211087485
10590.0 0.006937531723178545
10592.5 0.00686981867579679
10595.0 0.006802180555018629
10597.5 0.006734617326884282
10600.0 0.0066671290140336015
10602.5 0.006571903753222092
10605.0 0.006476776704106125
10607.5 0.006381747878005629
10610.0 0.006286817274920604
10612.5 0.006155439039259687
10615.0 0.006024209796491432
10617.5 0.005893129546615839
10620.0 0.005762198266993051
10622.5 0.005689456432145715
10625.0 0.005616791504889378
10627.5 0.0055442035191838246
10630.0 0.005471692475029056
10632.5 0.005413070563723348
10635.0 0.005354515394713274
10637.5 0.005296026956678906
10640.0 0.005237605260940172
10642.5 0.005146954224564481
10645.0 0.005056396419116002
10647.5 0.004965931855914663
10650.0 0.004875560568920248
10652.5 0.0047762037720981846
10655.0 0.004676960706592986
10657.5 0.004577831372404653
10660.0 0.004478815769533184
10662.5 0.004424232367069522
10665.0 0.004369711971325246
10667.5 0.0043152545596604995
10670.0 0.004260860154715138
10672.5 0.004210587052565398
10675.0 0.004160370448176428
10677.5 0.0041102103075884465
10680.0 0.004060106653441308
10682.5 0.003978041114596654
10685.0 0.0038960652069421004
10687.5 0.0038141789417975745
10690.0 0.0037323823304830053
10692.5 0.0036605855737866003
10695.0 0.0035888711356067914
10697.5 0.0035172390159435786
10700.0 0.00344568922611689
10702.5 0.0034034306330086883
10705.0 0.003361217455451722
10707.5 0.003319049670806135
10710.0 0.0032769272903918558
10712.5 0.0032329452269219544
10715.0 0.0031890114769048627
10717.5 0.003145126040340581
10720.0 0.0031012889285490365
10722.5 0.0030318165039938862
10725.0 0.002962423171775845
10727.5 0.002893108954534769
10730.0 0.0028238738296308017
10732.5 0.0027723267601412966
10735.0 0.0027208390863141378
10737.5 0.0026694107855094683
10740.0 0.0026180418577272887
10742.5 0.0025866334382706885
10745.0 0.0025552586050405376
10747.5 0.0025239173580368364
10750.0 0.0024926096972595845
10752.5 0.0024550736422841823
10755.0 0.002417580286077289
10757.5 0.0023801296286389056
10760.0 0.002342721669969031
10762.5 0.0022865542473370064
10765.0 0.002230448529632645
10767.5 0.002174404528175874
10770.0 0.0021184222542866226
10772.5 0.0020825004663272647
10775.0 0.0020466193961490124
10777.5 0.002010779066391721
10780.0 0.0019749794770553904
10782.5 0.001950096656507231
10785.0 0.0019252418075012211
10787.5 0.0019004149073975041
10790.0 0.0018756159788359363
10792.5 0.0018439692635744867
10795.0 0.0018123570627735844
10797.5 0.0017807793990730857
10800.0 0.0017492362498331344
10802.5 0.0
